gameId,gameDateTimeEst,teamCity,teamName,teamId,opponentTeamCity,opponentTeamName,opponentTeamId,home,win,teamScore,opponentScore,assists,blocks,steals,fieldGoalsAttempted,fieldGoalsMade,fieldGoalsPercentage,threePointersAttempted,threePointersMade,threePointersPercentage,freeThrowsAttempted,freeThrowsMade,freeThrowsPercentage,reboundsDefensive,reboundsOffensive,reboundsTotal,foulsPersonal,turnovers,plusMinusPoints,numMinutes,q1Points,q2Points,q3Points,q4Points,benchPoints,biggestLead,biggestScoringRun,leadChanges,pointsFastBreak,pointsFromTurnovers,pointsInThePaint,pointsSecondChance,timesTied,timeoutsRemaining,seasonWins,seasonLosses,coachId,gameType,gameLabel,gameSubLabel,seriesGameNumber,seed,reboundsTeam,turnoversTeam,ot1Points,ot2Points,otAllPoints,gameDate
42500405,2026-06-13 20:30:00,San Antonio,Spurs,1610612759,New York,Knicks,1610612752,1,0,90,94,18,7,6,86,33,0.384,37,12,0.324,19,12,0.632,33,14,47,22,12,-4,240.0,23,19,30,18,32,16,9,5,13,21,38,17,5,0,1,4,,Playoffs,NBA Finals,Game 5,5,2,12,1,,,,2026-06-13 20:30:00
42500405,2026-06-13 20:30:00,New York,Knicks,1610612752,San Antonio,Spurs,1610612759,0,1,94,90,14,4,8,87,31,0.356,37,12,0.324,28,20,0.714,35,13,48,21,10,4,240.0,13,24,28,29,9,4,10,5,13,18,30,14,5,0,4,1,,Playoffs,NBA Finals,Game 5,5,3,18,4,,,,2026-06-13 20:30:00
42500404,2026-06-10 20:30:00,New York,Knicks,1610612752,San Antonio,Spurs,1610612759,1,1,107,106,23,4,6,78,36,0.462,32,15,0.469,28,20,0.714,31,8,39,21,13,1,240.0,22,27,26,32,12,1,13,3,13,11,34,14,2,0,3,1,,Playoffs,NBA Finals,Game 4,4,3,14,2,,,,2026-06-10 20:30:00
42500404,2026-06-10 20:30:00,San Antonio,Spurs,1610612759,New York,Knicks,1610612752,0,0,106,107,24,4,10,86,36,0.419,43,17,0.395,20,17,0.85,30,12,42,21,11,-1,240.0,41,35,14,16,28,29,10,3,12,25,28,10,2,0,1,3,,Playoffs,NBA Finals,Game 4,4,2,8,1,,,,2026-06-10 20:30:00
42500403,2026-06-08 20:30:00,San Antonio,Spurs,1610612759,New York,Knicks,1610612752,0,1,115,111,28,7,7,84,39,0.464,34,12,0.353,32,25,0.781,31,6,37,21,8,4,240.0,33,24,35,23,25,12,7,6,5,21,44,10,4,0,1,2,,Playoffs,NBA Finals,Game 3,3,2,11,0,,,,2026-06-08 20:30:00
42500403,2026-06-08 20:30:00,New York,Knicks,1610612752,San Antonio,Spurs,1610612759,1,0,111,115,18,6,4,88,40,0.455,37,13,0.351,22,18,0.818,34,12,46,23,13,-4,240.0,22,42,27,20,22,7,8,6,15,7,46,21,4,0,2,1,,Playoffs,NBA Finals,Game 3,3,3,10,0,,,,2026-06-08 20:30:00
42500402,2026-06-05 20:30:00,San Antonio,Spurs,1610612759,New York,Knicks,1610612752,1,0,104,105,22,7,7,78,37,0.474,29,11,0.379,27,19,0.704,37,5,42,20,16,-1,240.0,34,18,23,29,19,12,14,5,11,19,48,9,3,0,0,2,,Playoffs,NBA Finals,Game 2,2,2,11,0,,,,2026-06-05 20:30:00
42500402,2026-06-05 20:30:00,New York,Knicks,1610612752,San Antonio,Spurs,1610612759,0,1,105,104,29,6,11,89,37,0.416,38,15,0.395,21,16,0.762,34,10,44,23,12,1,240.0,25,31,28,21,27,14,9,5,19,16,38,14,3,0,2,0,,Playoffs,NBA Finals,Game 2,2,3,10,3,,,,2026-06-05 20:30:00
42500401,2026-06-03 20:30:00,San Antonio,Spurs,1610612759,New York,Knicks,1610612752,1,0,95,105,16,4,4,89,32,0.36,43,11,0.256,25,20,0.8,40,14,54,23,13,-10,240.0,27,28,21,19,20,14,12,10,15,14,42,14,6,0,0,1,,Playoffs,NBA Finals,Game 1,1,2,6,0,,,,2026-06-03 20:30:00
42500401,2026-06-03 20:30:00,New York,Knicks,1610612752,San Antonio,Spurs,1610612759,0,1,105,95,20,4,8,94,39,0.415,36,11,0.306,18,16,0.889,39,10,49,23,8,10,240.0,19,29,28,29,28,10,11,10,12,19,50,23,6,0,1,0,,Playoffs,NBA Finals,Game 1,1,3,11,1,,,,2026-06-03 20:30:00
42500317,2026-05-30 20:00:00,San Antonio,Spurs,1610612759,Oklahoma City,Thunder,1610612760,0,1,111,103,21,2,9,88,40,0.455,40,17,0.425,19,14,0.737,25,15,40,18,12,8,240.0,32,24,24,31,27,14,9,4,19,19,34,17,2,0,4,3,,Playoffs,West Conf. Finals,Game 7,7,2,10,0,,,,2026-05-30 20:00:00
42500317,2026-05-30 20:00:00,Oklahoma City,Thunder,1610612760,San Antonio,Spurs,1610612759,1,0,103,111,23,5,9,83,37,0.446,35,12,0.343,22,17,0.773,28,10,38,16,13,-8,240.0,25,28,24,26,37,4,8,4,7,9,32,20,2,0,3,4,,Playoffs,West Conf. Finals,Game 7,7,1,18,1,,,,2026-05-30 20:00:00
42500316,2026-05-28 20:30:00,Oklahoma City,Thunder,1610612760,San Antonio,Spurs,1610612759,0,0,91,118,22,3,9,94,35,0.372,40,10,0.25,12,11,0.917,30,12,42,21,12,-27,240.0,22,31,13,25,38,0,6,0,10,11,38,18,0,1,3,3,,Playoffs,West Conf. Finals,Game 6,6,1,9,1,,,,2026-05-28 20:30:00
42500316,2026-05-28 20:30:00,San Antonio,Spurs,1610612759,Oklahoma City,Thunder,1610612760,1,1,118,91,30,7,7,88,41,0.466,41,15,0.366,25,21,0.84,41,11,52,14,12,27,240.0,35,25,32,26,46,28,20,0,18,15,44,14,0,1,3,3,,Playoffs,West Conf. Finals,Game 6,6,2,10,1,,,,2026-05-28 20:30:00
42500315,2026-05-26 20:30:00,Oklahoma City,Thunder,1610612760,San Antonio,Spurs,1610612759,1,1,127,114,26,5,9,83,40,0.482,32,14,0.438,38,33,0.868,34,14,48,22,16,13,240.0,29,40,32,26,40,20,9,6,9,20,38,26,5,1,3,2,,Playoffs,West Conf. Finals,Game 5,5,1,10,1,,,,2026-05-26 20:30:00
42500315,2026-05-26 20:30:00,San Antonio,Spurs,1610612759,Oklahoma City,Thunder,1610612760,0,0,114,127,25,3,14,92,37,0.402,41,12,0.293,32,28,0.875,26,15,41,29,15,-13,240.0,27,31,33,23,33,8,9,6,26,22,46,15,5,1,2,3,,Playoffs,West Conf. Finals,Game 5,5,2,8,0,,,,2026-05-26 20:30:00
42500304,2026-05-25 20:00:00,New York,Knicks,1610612752,Cleveland,Cavaliers,1610612739,0,1,130,93,33,2,15,98,48,0.49,43,19,0.442,20,15,0.75,40,20,60,20,13,37,240.0,38,30,30,32,58,45,20,5,33,34,50,32,2,1,4,0,,Playoffs,East Conf. Finals,Game 4,4,3,7,2,,,,2026-05-25 20:00:00
42500304,2026-05-25 20:00:00,Cleveland,Cavaliers,1610612739,New York,Knicks,1610612752,1,0,93,130,21,4,9,77,32,0.416,40,11,0.275,22,18,0.818,27,6,33,18,22,-37,240.0,26,23,22,22,24,6,7,5,9,18,36,5,2,1,0,4,,Playoffs,East Conf. Finals,Game 4,4,4,5,0,,,,2026-05-25 20:00:00
42500314,2026-05-24 20:00:00,Oklahoma City,Thunder,1610612760,San Antonio,Spurs,1610612759,0,0,82,103,22,5,9,91,30,0.33,33,6,0.182,18,16,0.889,36,11,47,25,17,-21,240.0,19,19,22,22,34,1,10,6,7,13,36,14,0,1,2,2,,Playoffs,West Conf. Finals,Game 4,4,1,14,3,,,,2026-05-24 20:00:00
42500314,2026-05-24 20:00:00,San Antonio,Spurs,1610612759,Oklahoma City,Thunder,1610612760,1,1,103,82,25,10,11,90,35,0.389,33,9,0.273,32,24,0.75,38,14,52,20,12,21,240.0,28,22,28,25,30,25,16,6,18,25,50,17,0,0,2,2,,Playoffs,West Conf. Finals,Game 4,4,2,14,1,,,,2026-05-24 20:00:00
42500303,2026-05-23 20:00:00,Cleveland,Cavaliers,1610612739,New York,Knicks,1610612752,1,0,108,121,22,1,7,84,42,0.5,41,12,0.293,19,12,0.632,25,9,34,22,17,-13,240.0,27,27,28,26,25,0,7,0,4,19,50,14,2,0,0,3,,Playoffs,East Conf. Finals,Game 3,3,4,11,1,,,,2026-05-23 20:00:00
42500303,2026-05-23 20:00:00,New York,Knicks,1610612752,Cleveland,Cavaliers,1610612739,0,1,121,108,27,4,11,77,43,0.558,28,11,0.393,27,24,0.889,29,8,37,19,14,13,240.0,37,23,31,30,23,17,8,0,17,19,42,10,2,1,3,0,,Playoffs,East Conf. Finals,Game 3,3,3,4,1,,,,2026-05-23 20:00:00
42500313,2026-05-22 20:30:00,Oklahoma City,Thunder,1610612760,San Antonio,Spurs,1610612759,0,1,123,108,29,2,7,81,39,0.481,38,17,0.447,33,28,0.848,34,7,41,25,10,15,240.0,26,32,37,28,76,18,11,9,2,20,42,22,3,1,2,1,,Playoffs,West Conf. Finals,Game 3,3,1,11,1,,,,2026-05-22 20:30:00
42500313,2026-05-22 20:30:00,San Antonio,Spurs,1610612759,Oklahoma City,Thunder,1610612760,1,0,108,123,26,6,8,80,34,0.425,41,13,0.317,33,27,0.818,28,9,37,28,15,-15,240.0,31,20,33,24,23,15,15,9,13,16,40,17,3,1,1,2,,Playoffs,West Conf. Finals,Game 3,3,2,11,0,,,,2026-05-22 20:30:00
42500302,2026-05-21 20:00:00,New York,Knicks,1610612752,Cleveland,Cavaliers,1610612739,1,1,109,93,32,5,5,85,44,0.518,36,13,0.361,14,8,0.571,35,5,40,22,6,16,240.0,24,29,32,24,13,19,18,6,13,13,58,12,9,1,2,0,,Playoffs,East Conf. Finals,Game 2,2,3,14,2,,,,2026-05-21 20:00:00
42500302,2026-05-21 20:00:00,Cleveland,Cavaliers,1610612739,New York,Knicks,1610612752,0,0,93,109,15,5,4,80,31,0.388,35,9,0.257,32,22,0.688,29,13,42,20,8,-16,240.0,27,22,21,23,19,6,10,6,8,11,40,17,9,1,0,2,,Playoffs,East Conf. Finals,Game 2,2,4,11,0,,,,2026-05-21 20:00:00
42500312,2026-05-20 20:30:00,San Antonio,Spurs,1610612759,Oklahoma City,Thunder,1610612760,0,0,113,122,22,6,5,84,41,0.488,40,16,0.4,17,15,0.882,29,16,45,21,21,-9,240.0,31,20,37,25,25,5,11,14,10,10,46,22,7,0,1,1,,Playoffs,West Conf. Finals,Game 2,2,2,4,0,,,,2026-05-20 20:30:00
42500312,2026-05-20 20:30:00,Oklahoma City,Thunder,1610612760,San Antonio,Spurs,1610612759,1,1,122,113,34,3,14,94,45,0.479,36,13,0.361,24,19,0.792,24,17,41,21,9,9,240.0,31,31,34,26,57,13,11,14,8,27,42,17,7,0,1,1,,Playoffs,West Conf. Finals,Game 2,2,1,9,1,,,,2026-05-20 20:30:00
42500301,2026-05-19 20:00:00,Cleveland,Cavaliers,1610612739,New York,Knicks,1610612752,0,0,104,115,23,6,11,90,36,0.4,50,16,0.32,23,16,0.696,27,11,38,29,19,-11,265.0,16,32,35,18,25,22,10,5,12,20,38,14,3,0,0,1,,Playoffs,East Conf. Finals,Game 1,1,4,17,2,3,,3,2026-05-19 20:00:00
42500301,2026-05-19 20:00:00,New York,Knicks,1610612752,Cleveland,Cavaliers,1610612739,1,1,115,104,20,2,10,88,42,0.477,32,10,0.313,32,21,0.656,38,9,47,26,17,11,265.0,23,23,23,32,20,11,12,5,13,28,60,17,3,0,1,0,,Playoffs,East Conf. Finals,Game 1,1,3,18,2,14,,14,2026-05-19 20:00:00
42500311,2026-05-18 20:30:00,San Antonio,Spurs,1610612759,Oklahoma City,Thunder,1610612760,0,1,122,115,25,7,11,96,41,0.427,43,13,0.302,29,27,0.931,46,15,61,19,21,7,290.0,27,24,29,21,16,10,8,10,9,17,52,13,8,1,1,0,,Playoffs,West Conf. Finals,Game 1,1,2,9,2,7,14,21,2026-05-18 20:30:00
42500311,2026-05-18 20:30:00,Oklahoma City,Thunder,1610612760,San Antonio,Spurs,1610612759,1,0,115,122,25,8,14,101,41,0.406,45,17,0.378,19,16,0.842,31,9,40,26,14,-7,290.0,27,17,29,28,50,3,8,10,16,28,38,8,8,0,0,1,,Playoffs,West Conf. Finals,Game 1,1,1,10,1,7,7,14,2026-05-18 20:30:00
42500207,2026-05-17 20:00:00,Detroit,Pistons,1610612765,Cleveland,Cavaliers,1610612739,1,0,94,125,21,5,7,85,30,0.353,39,12,0.308,29,22,0.759,31,10,41,31,14,-31,240.0,22,25,26,21,47,1,8,2,11,17,34,11,1,1,3,4,,Playoffs,East Conf. Semifinals,Game 7,7,1,11,1,,,,2026-05-17 20:00:00
42500207,2026-05-17 20:00:00,Cleveland,Cavaliers,1610612739,Detroit,Pistons,1610612765,0,1,125,94,31,4,10,85,43,0.506,34,11,0.324,44,28,0.636,36,14,50,22,11,31,240.0,31,33,35,26,37,35,11,2,12,22,58,18,1,0,4,3,,Playoffs,East Conf. Semifinals,Game 7,7,4,19,2,,,,2026-05-17 20:00:00
42500236,2026-05-15 21:30:00,San Antonio,Spurs,1610612759,Minnesota,Timberwolves,1610612750,0,1,139,109,34,13,2,88,49,0.557,38,18,0.474,27,23,0.852,48,12,60,21,15,30,240.0,36,38,36,29,38,37,20,0,17,7,58,21,0,1,4,2,,Playoffs,West Conf. Semifinals,Game 6,6,2,8,1,,,,2026-05-15 21:30:00
42500236,2026-05-15 21:30:00,Minnesota,Timberwolves,1610612750,San Antonio,Spurs,1610612759,1,0,109,139,25,2,9,106,40,0.377,34,12,0.353,21,17,0.81,20,9,29,22,5,-30,240.0,27,34,23,25,59,0,8,0,5,21,52,12,0,0,2,4,,Playoffs,West Conf. Semifinals,Game 6,6,6,17,0,,,,2026-05-15 21:30:00
42500206,2026-05-15 19:00:00,Cleveland,Cavaliers,1610612739,Detroit,Pistons,1610612765,1,0,94,115,15,3,9,77,30,0.39,35,12,0.343,30,22,0.733,24,16,40,18,20,-21,240.0,25,26,19,24,19,6,7,5,8,17,26,13,3,0,3,3,,Playoffs,East Conf. Semifinals,Game 6,6,4,8,0,,,,2026-05-15 19:00:00
42500206,2026-05-15 19:00:00,Detroit,Pistons,1610612765,Cleveland,Cavaliers,1610612739,0,1,115,94,25,6,9,82,43,0.524,36,16,0.444,19,13,0.684,30,13,43,22,17,21,240.0,27,27,30,31,48,22,13,5,14,28,48,20,3,1,3,3,,Playoffs,East Conf. Semifinals,Game 6,6,1,9,1,,,,2026-05-15 19:00:00
42500205,2026-05-13 20:00:00,Detroit,Pistons,1610612765,Cleveland,Cavaliers,1610612739,1,0,113,117,28,10,10,95,42,0.442,33,11,0.333,20,18,0.9,25,15,40,26,10,-4,265.0,29,31,20,23,27,15,12,11,23,27,48,15,9,0,2,3,,Playoffs,East Conf. Semifinals,Game 5,5,1,14,5,10,,10,2026-05-13 20:00:00
42500205,2026-05-13 20:00:00,Cleveland,Cavaliers,1610612739,Detroit,Pistons,1610612765,0,1,117,113,25,9,6,80,36,0.45,35,14,0.4,38,31,0.816,31,13,44,16,16,4,265.0,27,25,32,19,31,7,13,11,7,16,38,14,9,0,3,2,,Playoffs,East Conf. Semifinals,Game 5,5,4,8,1,14,,14,2026-05-13 20:00:00
42500235,2026-05-12 20:00:00,San Antonio,Spurs,1610612759,Minnesota,Timberwolves,1610612750,1,1,126,97,25,8,9,89,47,0.528,32,11,0.344,27,21,0.778,39,11,50,24,15,29,240.0,34,25,32,35,44,30,11,2,19,19,68,11,3,1,3,2,,Playoffs,West Conf. Semifinals,Game 5,5,2,10,0,,,,2026-05-12 20:00:00
42500235,2026-05-12 20:00:00,Minnesota,Timberwolves,1610612750,San Antonio,Spurs,1610612759,0,0,97,126,17,4,7,83,32,0.386,33,9,0.273,30,24,0.8,32,10,42,24,13,-29,240.0,30,17,26,24,23,2,10,2,15,18,36,12,3,0,2,3,,Playoffs,West Conf. Semifinals,Game 5,5,6,3,3,,,,2026-05-12 20:00:00
42500224,2026-05-11 22:30:00,Oklahoma City,Thunder,1610612760,Los Angeles,Lakers,1610612747,0,1,115,110,19,0,12,81,42,0.519,31,11,0.355,24,20,0.833,28,6,34,24,11,5,240.0,21,28,31,35,25,12,17,13,11,22,44,10,7,0,4,0,,Playoffs,West Conf. Semifinals,Game 4,4,1,3,1,,,,2026-05-11 22:30:00
42500224,2026-05-11 22:30:00,Los Angeles,Lakers,1610612747,Oklahoma City,Thunder,1610612760,1,0,110,115,18,5,3,75,38,0.507,28,10,0.357,27,24,0.889,30,7,37,22,19,-5,240.0,26,19,39,26,23,5,9,13,8,9,46,12,7,0,0,4,,Playoffs,West Conf. Semifinals,Game 4,4,4,9,0,,,,2026-05-11 22:30:00
42500204,2026-05-11 20:00:00,Cleveland,Cavaliers,1610612739,Detroit,Pistons,1610612765,1,1,112,103,23,8,11,78,34,0.436,41,14,0.341,34,30,0.882,21,12,33,15,13,9,240.0,21,31,38,22,19,21,24,10,6,25,34,16,4,0,2,2,,Playoffs,East Conf. Semifinals,Game 4,4,4,12,2,,,,2026-05-11 20:00:00
42500204,2026-05-11 20:00:00,Detroit,Pistons,1610612765,Cleveland,Cavaliers,1610612739,0,0,103,112,23,3,10,83,42,0.506,23,10,0.435,12,9,0.75,24,11,35,27,18,-9,240.0,24,32,21,26,52,7,9,10,12,20,50,11,4,1,2,2,,Playoffs,East Conf. Semifinals,Game 4,4,1,12,2,,,,2026-05-11 20:00:00
42500234,2026-05-10 19:30:00,San Antonio,Spurs,1610612759,Minnesota,Timberwolves,1610612750,0,0,109,114,17,3,13,86,41,0.477,26,6,0.231,27,21,0.778,28,13,41,20,14,-5,240.0,30,26,28,25,39,8,7,9,17,21,58,15,5,0,2,2,,Playoffs,West Conf. Semifinals,Game 4,4,2,8,0,,,,2026-05-10 19:30:00
42500234,2026-05-10 19:30:00,Minnesota,Timberwolves,1610612750,San Antonio,Spurs,1610612759,1,1,114,109,20,1,5,94,42,0.447,27,10,0.37,22,20,0.909,34,15,49,23,17,5,240.0,34,26,20,34,31,9,8,9,7,21,50,24,5,0,2,2,,Playoffs,West Conf. Semifinals,Game 4,4,6,8,0,,,,2026-05-10 19:30:00
42500214,2026-05-10 15:30:00,New York,Knicks,1610612752,Philadelphia,76ers,1610612755,0,1,144,114,33,4,6,91,49,0.538,44,25,0.568,29,21,0.724,32,15,47,22,9,30,240.0,43,38,41,22,51,44,10,1,20,23,40,18,1,1,4,0,,Playoffs,East Conf. Semifinals,Game 4,4,3,12,2,,,,2026-05-10 15:30:00
42500214,2026-05-10 15:30:00,Philadelphia,76ers,1610612755,New York,Knicks,1610612752,1,0,114,144,24,3,5,86,43,0.5,35,8,0.229,28,20,0.714,23,7,30,23,9,-30,240.0,24,33,26,31,48,0,7,1,7,10,54,15,1,0,0,4,,Playoffs,East Conf. Semifinals,Game 4,4,7,13,1,,,,2026-05-10 15:30:00
42500223,2026-05-09 20:30:00,Los Angeles,Lakers,1610612747,Oklahoma City,Thunder,1610612760,1,0,108,131,31,1,6,81,38,0.469,30,14,0.467,25,18,0.72,23,14,37,16,16,-23,240.0,25,34,20,29,31,5,7,11,9,11,44,21,7,1,0,3,,Playoffs,West Conf. Semifinals,Game 3,3,4,7,1,,,,2026-05-09 20:30:00
42500223,2026-05-09 20:30:00,Oklahoma City,Thunder,1610612760,Los Angeles,Lakers,1610612747,0,1,131,108,30,3,12,94,53,0.564,38,17,0.447,10,8,0.8,31,12,43,22,9,23,240.0,31,26,33,41,44,27,11,11,19,30,64,14,7,1,3,0,,Playoffs,West Conf. Semifinals,Game 3,3,1,6,1,,,,2026-05-09 20:30:00
42500203,2026-05-09 15:00:00,Detroit,Pistons,1610612765,Cleveland,Cavaliers,1610612739,0,0,109,116,23,4,12,91,41,0.451,25,9,0.36,22,18,0.818,23,17,40,25,15,-7,240.0,30,18,33,28,26,7,12,11,11,19,60,19,6,0,2,1,,Playoffs,East Conf. Semifinals,Game 3,3,1,9,1,,,,2026-05-09 15:00:00
42500203,2026-05-09 15:00:00,Cleveland,Cavaliers,1610612739,Detroit,Pistons,1610612765,1,1,116,109,22,7,3,74,43,0.581,32,12,0.375,28,18,0.643,28,5,33,17,15,7,240.0,32,32,19,33,28,17,9,11,10,27,54,11,6,1,1,2,,Playoffs,East Conf. Semifinals,Game 3,3,4,14,0,,,,2026-05-09 15:00:00
42500233,2026-05-08 21:30:00,Minnesota,Timberwolves,1610612750,San Antonio,Spurs,1610612759,1,0,108,115,22,7,3,99,38,0.384,40,14,0.35,21,18,0.857,39,15,54,25,12,-7,240.0,22,29,28,29,34,4,10,6,7,13,38,30,3,0,1,2,,Playoffs,West Conf. Semifinals,Game 3,3,6,9,0,,,,2026-05-08 21:30:00
42500233,2026-05-08 21:30:00,San Antonio,Spurs,1610612759,Minnesota,Timberwolves,1610612750,0,1,115,108,26,7,9,85,39,0.459,33,12,0.364,33,25,0.758,40,8,48,23,9,7,240.0,23,28,35,29,27,15,10,6,13,15,46,12,3,0,2,1,,Playoffs,West Conf. Semifinals,Game 3,3,2,7,1,,,,2026-05-08 21:30:00
42500213,2026-05-08 19:00:00,Philadelphia,76ers,1610612755,New York,Knicks,1610612752,1,0,94,108,23,3,7,84,36,0.429,32,9,0.281,16,13,0.813,24,9,33,25,11,-14,240.0,31,21,24,18,11,12,9,1,10,24,46,11,2,0,0,3,,Playoffs,East Conf. Semifinals,Game 3,3,7,8,0,,,,2026-05-08 19:00:00
42500213,2026-05-08 19:00:00,New York,Knicks,1610612752,Philadelphia,76ers,1610612755,0,1,108,94,25,4,6,76,38,0.5,27,9,0.333,32,23,0.719,36,13,49,21,14,14,240.0,27,33,25,23,29,16,9,1,14,10,52,20,2,1,3,0,,Playoffs,East Conf. Semifinals,Game 3,3,3,8,1,,,,2026-05-08 19:00:00
42500222,2026-05-07 21:30:00,Los Angeles,Lakers,1610612747,Oklahoma City,Thunder,1610612760,0,0,107,125,24,0,7,78,39,0.5,29,11,0.379,21,18,0.857,20,10,30,26,20,-18,240.0,23,35,22,27,20,5,7,12,4,16,52,6,5,1,0,2,,Playoffs,West Conf. Semifinals,Game 2,2,4,7,1,,,,2026-05-07 21:30:00
42500222,2026-05-07 21:30:00,Oklahoma City,Thunder,1610612760,Los Angeles,Lakers,1610612747,1,1,125,107,26,5,12,81,45,0.556,36,14,0.389,26,21,0.808,23,9,32,21,12,18,240.0,27,30,36,32,48,20,11,12,14,26,46,17,5,1,2,0,,Playoffs,West Conf. Semifinals,Game 2,2,1,14,2,,,,2026-05-07 21:30:00
42500202,2026-05-07 19:00:00,Cleveland,Cavaliers,1610612739,Detroit,Pistons,1610612765,0,0,97,107,20,6,7,81,34,0.42,32,7,0.219,27,22,0.815,27,9,36,19,11,-10,240.0,18,25,32,22,17,3,6,3,4,10,52,22,4,0,0,2,,Playoffs,East Conf. Semifinals,Game 2,2,4,11,0,,,,2026-05-07 19:00:00
42500202,2026-05-07 19:00:00,Detroit,Pistons,1610612765,Cleveland,Cavaliers,1610612739,1,1,107,97,21,5,9,80,39,0.488,28,14,0.5,20,15,0.75,30,12,42,22,10,10,240.0,25,29,25,28,26,14,9,3,13,14,42,16,4,0,2,0,,Playoffs,East Conf. Semifinals,Game 2,2,1,9,3,,,,2026-05-07 19:00:00
42500232,2026-05-06 21:30:00,Minnesota,Timberwolves,1610612750,San Antonio,Spurs,1610612759,0,0,95,133,19,2,7,88,35,0.398,30,9,0.3,31,16,0.516,31,12,43,25,22,-38,240.0,17,18,28,32,51,1,9,4,5,17,36,21,2,1,1,1,,Playoffs,West Conf. Semifinals,Game 2,2,6,16,0,,,,2026-05-06 21:30:00
42500232,2026-05-06 21:30:00,San Antonio,Spurs,1610612759,Minnesota,Timberwolves,1610612750,1,1,133,95,29,9,13,90,45,0.5,39,16,0.41,33,27,0.818,42,13,55,28,15,38,240.0,24,35,39,35,55,47,11,4,29,19,58,14,2,1,1,1,,Playoffs,West Conf. Semifinals,Game 2,2,2,5,1,,,,2026-05-06 21:30:00
42500212,2026-05-06 19:00:00,Philadelphia,76ers,1610612755,New York,Knicks,1610612752,0,0,102,108,20,6,8,75,34,0.453,34,13,0.382,28,21,0.75,28,11,39,23,18,-6,240.0,33,29,28,12,15,7,8,25,8,9,30,8,14,0,0,2,,Playoffs,East Conf. Semifinals,Game 2,2,7,7,0,,,,2026-05-06 19:00:00
42500212,2026-05-06 19:00:00,New York,Knicks,1610612752,Philadelphia,76ers,1610612755,1,1,108,102,25,2,10,79,40,0.506,26,7,0.269,25,21,0.84,28,9,37,20,13,6,240.0,31,30,28,19,15,7,9,25,15,23,56,13,14,0,2,0,,Playoffs,East Conf. Semifinals,Game 2,2,3,8,0,,,,2026-05-06 19:00:00
42500221,2026-05-05 20:30:00,Los Angeles,Lakers,1610612747,Oklahoma City,Thunder,1610612760,0,0,90,108,26,4,8,85,35,0.412,30,10,0.333,13,10,0.769,29,12,41,16,17,-18,240.0,26,27,19,18,15,7,7,5,11,16,40,11,6,0,0,1,,Playoffs,West Conf. Semifinals,Game 1,1,4,6,1,,,,2026-05-05 20:30:00
42500221,2026-05-05 20:30:00,Oklahoma City,Thunder,1610612760,Los Angeles,Lakers,1610612747,1,1,108,90,29,7,8,85,42,0.494,30,13,0.433,12,11,0.917,35,9,44,14,14,18,240.0,31,30,23,24,34,21,10,5,16,20,48,21,6,1,1,0,,Playoffs,West Conf. Semifinals,Game 1,1,1,6,2,,,,2026-05-05 20:30:00
42500201,2026-05-05 19:00:00,Cleveland,Cavaliers,1610612739,Detroit,Pistons,1610612765,0,0,101,111,23,5,7,80,36,0.45,38,14,0.368,16,15,0.938,30,11,41,22,19,-10,240.0,21,25,30,25,35,5,11,1,6,16,44,11,2,0,0,1,,Playoffs,East Conf. Semifinals,Game 1,1,4,6,1,,,,2026-05-05 19:00:00
42500201,2026-05-05 19:00:00,Detroit,Pistons,1610612765,Cleveland,Cavaliers,1610612739,1,1,111,101,23,3,12,84,37,0.44,26,10,0.385,35,27,0.771,29,16,45,18,11,10,240.0,37,22,24,28,27,18,11,1,15,31,44,19,2,0,1,0,,Playoffs,East Conf. Semifinals,Game 1,1,1,8,1,,,,2026-05-05 19:00:00
42500231,2026-05-04 21:30:00,San Antonio,Spurs,1610612759,Minnesota,Timberwolves,1610612750,1,0,102,104,24,14,4,87,39,0.448,36,10,0.278,18,14,0.778,34,13,47,25,13,-2,240.0,23,22,27,30,33,7,12,19,27,15,58,13,17,1,0,1,,Playoffs,West Conf. Semifinals,Game 1,1,2,5,1,,,,2026-05-04 21:30:00
42500231,2026-05-04 21:30:00,Minnesota,Timberwolves,1610612750,San Antonio,Spurs,1610612759,0,1,104,102,20,5,7,90,41,0.456,26,10,0.385,21,12,0.571,34,12,46,22,10,2,240.0,24,21,24,35,32,9,7,19,10,11,54,20,17,1,1,0,,Playoffs,West Conf. Semifinals,Game 1,1,6,12,3,,,,2026-05-04 21:30:00
42500211,2026-05-04 20:00:00,New York,Knicks,1610612752,Philadelphia,76ers,1610612755,1,1,137,98,34,6,10,84,53,0.631,37,19,0.514,17,12,0.706,31,8,39,25,14,39,240.0,33,41,35,28,42,40,8,10,16,25,58,18,3,1,1,0,,Playoffs,East Conf. Semifinals,Game 1,1,3,9,1,,,,2026-05-04 20:00:00
42500211,2026-05-04 20:00:00,Philadelphia,76ers,1610612755,New York,Knicks,1610612752,0,0,98,137,15,1,6,73,30,0.411,30,11,0.367,34,27,0.794,20,8,28,24,19,-39,240.0,25,26,27,20,30,3,6,10,3,13,32,12,3,0,0,1,,Playoffs,East Conf. Semifinals,Game 1,1,7,10,0,,,,2026-05-04 20:00:00
42500137,2026-05-03 19:30:00,Cleveland,Cavaliers,1610612739,Toronto,Raptors,1610612761,1,1,114,102,23,5,8,85,38,0.447,39,11,0.282,37,27,0.73,40,20,60,23,16,12,240.0,24,25,38,27,34,22,15,1,13,19,42,23,1,0,4,3,,Playoffs,East First Round,Game 7,7,4,9,1,,,,2026-05-03 19:30:00
42500137,2026-05-03 19:30:00,Toronto,Raptors,1610612761,Cleveland,Cavaliers,1610612739,0,0,102,114,25,4,10,87,38,0.437,28,8,0.286,26,18,0.692,26,7,33,28,14,-12,240.0,26,23,19,34,19,10,6,1,13,18,50,8,1,0,3,4,,Playoffs,East First Round,Game 7,7,5,12,0,,,,2026-05-03 19:30:00
42500107,2026-05-03 15:30:00,Detroit,Pistons,1610612765,Orlando,Magic,1610612753,1,1,116,94,30,6,9,80,41,0.513,33,16,0.485,22,18,0.818,30,11,41,21,13,22,240.0,20,40,23,33,21,25,7,12,16,19,38,19,7,1,4,3,,Playoffs,East First Round,Game 7,7,1,10,1,,,,2026-05-03 15:30:00
42500107,2026-05-03 15:30:00,Orlando,Magic,1610612753,Detroit,Pistons,1610612765,0,0,94,116,18,7,11,75,31,0.413,30,10,0.333,30,22,0.733,24,9,33,21,13,-22,240.0,22,27,15,30,16,4,8,12,9,15,28,15,7,0,3,4,,Playoffs,East First Round,Game 7,7,8,13,3,,,,2026-05-03 15:30:00
42500117,2026-05-02 19:30:00,Philadelphia,76ers,1610612755,Boston,Celtics,1610612738,0,1,109,100,25,1,0,82,39,0.476,28,11,0.393,23,20,0.87,41,3,44,19,9,9,240.0,32,23,33,21,3,18,9,2,9,7,42,13,0,1,4,3,,Playoffs,East First Round,Game 7,7,7,12,0,,,,2026-05-02 19:30:00
42500117,2026-05-02 19:30:00,Boston,Celtics,1610612738,Philadelphia,76ers,1610612755,1,0,100,109,19,7,4,93,37,0.398,49,13,0.265,16,13,0.813,34,10,44,23,5,-9,240.0,19,31,25,25,41,1,10,2,11,7,40,9,0,0,3,4,,Playoffs,East First Round,Game 7,7,2,5,0,,,,2026-05-02 19:30:00
42500176,2026-05-01 21:30:00,Houston,Rockets,1610612745,Los Angeles,Lakers,1610612747,1,0,78,98,13,9,6,80,28,0.35,28,5,0.179,24,17,0.708,37,8,45,23,11,-20,240.0,18,13,24,23,10,5,9,5,8,10,44,9,0,1,2,4,,Playoffs,West First Round,Game 6,6,5,10,3,,,,2026-05-01 21:30:00
42500176,2026-05-01 21:30:00,Los Angeles,Lakers,1610612747,Houston,Rockets,1610612745,0,1,98,78,19,9,4,89,36,0.404,28,12,0.429,24,14,0.583,39,15,54,19,10,20,240.0,23,26,22,27,20,29,12,5,19,19,46,7,0,1,4,2,,Playoffs,West First Round,Game 6,6,4,13,1,,,,2026-05-01 21:30:00
42500136,2026-05-01 19:30:00,Cleveland,Cavaliers,1610612739,Toronto,Raptors,1610612761,0,0,110,112,23,4,8,93,40,0.43,41,11,0.268,27,19,0.704,33,19,52,21,18,-2,265.0,32,19,30,23,24,6,10,11,6,17,54,22,5,0,3,3,,Playoffs,East First Round,Game 6,6,4,13,0,6,,6,2026-05-01 19:30:00
42500136,2026-05-01 19:30:00,Toronto,Raptors,1610612761,Cleveland,Cavaliers,1610612739,1,1,112,110,27,9,13,87,40,0.46,36,13,0.361,23,19,0.826,28,10,38,25,15,2,265.0,32,29,31,12,30,15,9,11,20,25,48,10,5,0,3,3,,Playoffs,East First Round,Game 6,6,5,10,1,8,,8,2026-05-01 19:30:00
42500106,2026-05-01 19:00:00,Detroit,Pistons,1610612765,Orlando,Magic,1610612753,0,1,93,79,16,8,5,80,32,0.4,27,9,0.333,26,20,0.769,38,14,52,21,10,14,240.0,26,12,24,31,13,14,14,7,6,13,36,14,3,0,3,3,,Playoffs,East First Round,Game 6,6,1,7,1,,,,2026-05-01 19:00:00
42500106,2026-05-01 19:00:00,Orlando,Magic,1610612753,Detroit,Pistons,1610612765,1,0,79,93,20,4,6,78,27,0.346,36,9,0.25,21,16,0.762,30,8,38,22,10,-14,240.0,25,35,11,8,26,24,10,7,6,6,24,14,3,1,3,3,,Playoffs,East First Round,Game 6,6,8,14,1,,,,2026-05-01 19:00:00
42500166,2026-04-30 21:30:00,Minnesota,Timberwolves,1610612750,Denver,Nuggets,1610612743,1,1,110,98,26,3,8,94,43,0.457,29,7,0.241,24,17,0.708,31,19,50,21,7,12,240.0,29,28,25,28,19,12,11,9,13,16,64,20,6,0,4,2,,Playoffs,West First Round,Game 6,6,6,8,1,,,,2026-04-30 21:30:00
42500166,2026-04-30 21:30:00,Denver,Nuggets,1610612743,Minnesota,Timberwolves,1610612750,0,0,98,110,24,8,4,75,34,0.453,27,10,0.37,25,20,0.8,27,6,33,26,13,-12,240.0,30,20,24,24,20,5,7,9,7,10,40,4,6,0,2,4,,Playoffs,West First Round,Game 6,6,3,13,0,,,,2026-04-30 21:30:00
42500116,2026-04-30 20:00:00,Philadelphia,76ers,1610612755,Boston,Celtics,1610612738,1,1,106,93,22,6,7,89,39,0.438,33,11,0.333,19,17,0.895,40,8,48,15,10,13,240.0,20,38,24,24,6,23,8,8,16,17,40,9,3,1,3,3,,Playoffs,East First Round,Game 6,6,7,9,2,,,,2026-04-30 20:00:00
42500116,2026-04-30 20:00:00,Boston,Celtics,1610612738,Philadelphia,76ers,1610612755,0,0,93,106,18,3,7,86,36,0.419,41,12,0.293,16,9,0.563,38,8,46,18,13,-13,240.0,23,26,14,30,38,5,11,8,14,14,42,10,3,1,3,3,,Playoffs,East First Round,Game 6,6,2,6,0,,,,2026-04-30 20:00:00
42500126,2026-04-30 19:00:00,Atlanta,Hawks,1610612737,New York,Knicks,1610612752,1,0,89,140,22,4,5,82,31,0.378,35,9,0.257,23,18,0.783,24,11,35,22,19,-51,240.0,15,21,28,25,39,4,11,2,8,8,38,14,1,1,2,4,,Playoffs,East First Round,Game 6,6,6,8,0,,,,2026-04-30 19:00:00
42500126,2026-04-30 19:00:00,New York,Knicks,1610612752,Atlanta,Hawks,1610612737,0,1,140,89,33,6,16,85,50,0.588,36,13,0.361,34,27,0.794,37,9,46,22,9,51,240.0,40,43,34,23,44,61,16,2,35,26,66,17,1,1,4,2,,Playoffs,East First Round,Game 6,6,3,10,1,,,,2026-04-30 19:00:00
42500175,2026-04-29 22:00:00,Houston,Rockets,1610612745,Los Angeles,Lakers,1610612747,0,1,99,93,25,4,10,75,33,0.44,40,14,0.35,25,19,0.76,28,6,34,22,10,6,240.0,21,30,25,23,18,13,9,5,12,18,36,6,3,0,2,3,,Playoffs,West First Round,Game 5,5,5,12,1,,,,2026-04-29 22:00:00
42500175,2026-04-29 22:00:00,Los Angeles,Lakers,1610612747,Houston,Rockets,1610612745,1,0,93,99,19,5,5,76,32,0.421,27,7,0.259,27,22,0.815,28,13,41,20,15,-6,240.0,28,19,20,26,26,11,7,5,10,13,44,13,3,0,3,2,,Playoffs,West First Round,Game 5,5,4,10,0,,,,2026-04-29 22:00:00
42500135,2026-04-29 19:30:00,Toronto,Raptors,1610612761,Cleveland,Cavaliers,1610612739,0,0,120,125,32,8,8,95,44,0.463,38,15,0.395,25,17,0.68,33,15,48,21,14,-5,240.0,34,40,29,17,43,12,8,7,26,28,48,13,6,0,2,3,,Playoffs,East First Round,Game 5,5,5,11,1,,,,2026-04-29 19:30:00
42500135,2026-04-29 19:30:00,Cleveland,Cavaliers,1610612739,Toronto,Raptors,1610612761,1,1,125,120,20,8,8,81,43,0.531,36,18,0.5,28,21,0.75,31,4,35,16,14,5,240.0,38,29,33,25,43,11,13,7,6,20,48,11,6,0,3,2,,Playoffs,East First Round,Game 5,5,4,10,1,,,,2026-04-29 19:30:00
42500105,2026-04-29 19:00:00,Orlando,Magic,1610612753,Detroit,Pistons,1610612765,0,0,109,116,21,5,12,80,38,0.475,38,17,0.447,30,16,0.533,25,8,33,26,16,-7,240.0,26,34,19,30,22,0,9,0,14,22,36,21,0,0,3,2,,Playoffs,East First Round,Game 5,5,8,15,0,,,,2026-04-29 19:00:00
42500105,2026-04-29 19:00:00,Detroit,Pistons,1610612765,Orlando,Magic,1610612753,1,1,116,109,20,5,10,80,39,0.488,28,10,0.357,35,28,0.8,33,16,49,21,17,7,240.0,38,28,23,27,18,17,5,0,19,19,50,22,0,1,2,3,,Playoffs,East First Round,Game 5,5,1,7,0,,,,2026-04-29 19:00:00
42500155,2026-04-28 21:30:00,San Antonio,Spurs,1610612759,Portland,Trail Blazers,1610612757,1,1,114,95,27,8,5,75,41,0.547,30,12,0.4,29,20,0.69,35,7,42,24,14,19,240.0,36,29,21,28,32,28,11,0,16,13,44,9,1,0,4,1,,Playoffs,West First Round,Game 5,5,2,16,3,,,,2026-04-28 21:30:00
42500155,2026-04-28 21:30:00,Portland,Trail Blazers,1610612757,San Antonio,Spurs,1610612759,0,0,95,114,24,2,8,94,33,0.351,47,11,0.234,23,18,0.783,24,14,38,28,9,-19,240.0,24,21,20,30,43,0,11,0,12,13,38,21,1,0,1,4,,Playoffs,West First Round,Game 5,5,7,14,0,,,,2026-04-28 21:30:00
42500125,2026-04-28 20:00:00,New York,Knicks,1610612752,Atlanta,Hawks,1610612737,1,1,126,97,26,6,6,79,45,0.57,26,11,0.423,34,25,0.735,40,8,48,23,11,29,240.0,35,29,26,36,38,32,12,1,13,10,60,20,3,1,3,2,,Playoffs,East First Round,Game 5,5,3,11,0,,,,2026-04-28 20:00:00
42500125,2026-04-28 20:00:00,Atlanta,Hawks,1610612737,New York,Knicks,1610612752,0,0,97,126,25,2,7,83,37,0.446,42,13,0.31,17,10,0.588,22,5,27,26,10,-29,240.0,22,26,24,25,24,2,7,1,4,6,42,9,3,0,2,3,,Playoffs,East First Round,Game 5,5,6,12,0,,,,2026-04-28 20:00:00
42500115,2026-04-28 19:00:00,Boston,Celtics,1610612738,Philadelphia,76ers,1610612755,1,0,97,113,25,0,6,89,36,0.404,39,11,0.282,23,14,0.609,34,15,49,17,12,-16,240.0,23,34,29,11,29,13,7,4,9,10,40,10,1,1,3,2,,Playoffs,East First Round,Game 5,5,2,5,0,,,,2026-04-28 19:00:00
42500115,2026-04-28 19:00:00,Philadelphia,76ers,1610612755,Boston,Celtics,1610612738,0,1,113,97,24,3,5,78,39,0.5,42,15,0.357,23,20,0.87,42,5,47,20,9,16,240.0,21,29,35,28,25,17,12,4,5,12,34,9,1,0,2,3,,Playoffs,East First Round,Game 5,5,7,4,1,,,,2026-04-28 19:00:00
42500165,2026-04-27 22:30:00,Denver,Nuggets,1610612743,Minnesota,Timberwolves,1610612750,1,1,125,113,35,6,16,83,47,0.566,29,11,0.379,25,20,0.8,24,5,29,29,16,12,240.0,34,26,37,28,27,27,8,3,23,35,62,12,1,1,2,3,,Playoffs,West First Round,Game 5,5,3,9,0,,,,2026-04-27 22:30:00
42500165,2026-04-27 22:30:00,Minnesota,Timberwolves,1610612750,Denver,Nuggets,1610612743,0,0,113,125,26,2,6,81,41,0.506,28,12,0.429,23,19,0.826,29,9,38,27,25,-12,240.0,29,22,24,38,48,3,7,3,13,21,50,19,1,0,3,2,,Playoffs,West First Round,Game 5,5,6,10,0,,,,2026-04-27 22:30:00
42500144,2026-04-27 21:30:00,Oklahoma City,Thunder,1610612760,Phoenix,Suns,1610612756,0,1,131,122,28,4,5,82,44,0.537,34,17,0.5,30,26,0.867,26,13,39,20,16,9,240.0,37,38,31,25,35,16,10,9,8,18,50,17,6,1,4,0,,Playoffs,West First Round,Game 4,4,1,9,1,,,,2026-04-27 21:30:00
42500144,2026-04-27 21:30:00,Phoenix,Suns,1610612756,Oklahoma City,Thunder,1610612760,1,0,122,131,24,6,10,90,48,0.533,39,14,0.359,16,12,0.75,23,10,33,25,12,-9,240.0,33,34,31,24,24,7,8,9,6,16,54,15,6,0,0,4,,Playoffs,West First Round,Game 4,4,8,9,0,,,,2026-04-27 21:30:00
42500104,2026-04-27 20:00:00,Orlando,Magic,1610612753,Detroit,Pistons,1610612765,1,1,94,88,15,6,8,92,30,0.326,35,9,0.257,34,25,0.735,36,16,52,25,10,6,240.0,26,28,21,19,18,12,8,8,13,23,34,16,4,0,3,1,,Playoffs,East First Round,Game 4,4,8,17,2,,,,2026-04-27 20:00:00
42500104,2026-04-27 20:00:00,Detroit,Pistons,1610612765,Orlando,Magic,1610612753,0,0,88,94,18,18,5,82,31,0.378,30,6,0.2,28,20,0.714,37,12,49,29,20,-6,240.0,27,25,17,19,18,10,10,8,11,11,44,11,4,0,1,3,,Playoffs,East First Round,Game 4,4,1,14,0,,,,2026-04-27 20:00:00
42500174,2026-04-26 21:30:00,Houston,Rockets,1610612745,Los Angeles,Lakers,1610612747,1,1,115,96,19,4,17,81,39,0.481,30,12,0.4,31,25,0.806,24,11,35,22,13,19,240.0,26,30,34,25,20,28,8,3,23,30,46,20,3,1,1,3,,Playoffs,West First Round,Game 4,4,5,8,0,,,,2026-04-26 21:30:00
42500174,2026-04-26 21:30:00,Los Angeles,Lakers,1610612747,Houston,Rockets,1610612745,0,0,96,115,23,7,6,74,37,0.5,22,5,0.227,21,17,0.81,27,10,37,20,23,-19,240.0,21,26,18,31,38,5,8,3,18,19,54,13,3,1,3,1,,Playoffs,West First Round,Game 4,4,4,10,1,,,,2026-04-26 21:30:00
42500114,2026-04-26 19:00:00,Philadelphia,76ers,1610612755,Boston,Celtics,1610612738,1,0,96,128,25,7,6,80,33,0.413,30,9,0.3,24,21,0.875,24,6,30,21,8,-32,240.0,18,20,36,22,24,1,6,4,14,15,34,9,1,0,1,3,,Playoffs,East First Round,Game 4,4,7,10,1,,,,2026-04-26 19:00:00
42500114,2026-04-26 19:00:00,Boston,Celtics,1610612738,Philadelphia,76ers,1610612755,0,1,128,96,28,5,5,87,42,0.483,53,24,0.453,28,20,0.714,37,14,51,21,12,32,240.0,34,22,39,33,57,32,11,4,5,11,32,21,1,1,3,1,,Playoffs,East First Round,Game 4,4,2,12,1,,,,2026-04-26 19:00:00
42500154,2026-04-26 15:30:00,Portland,Trail Blazers,1610612757,San Antonio,Spurs,1610612759,1,0,93,114,14,5,6,80,32,0.4,31,10,0.323,23,19,0.826,32,7,39,20,18,-21,240.0,25,33,16,19,34,19,13,9,17,18,38,13,3,0,1,3,,Playoffs,West First Round,Game 4,4,7,13,0,,,,2026-04-26 15:30:00
42500154,2026-04-26 15:30:00,San Antonio,Spurs,1610612759,Portland,Trail Blazers,1610612757,0,1,114,93,26,10,12,87,43,0.494,33,14,0.424,17,14,0.824,31,9,40,21,12,21,240.0,23,18,33,40,24,21,15,9,3,29,52,11,3,1,3,1,,Playoffs,West First Round,Game 4,4,2,8,1,,,,2026-04-26 15:30:00
42500134,2026-04-26 13:00:00,Cleveland,Cavaliers,1610612739,Toronto,Raptors,1610612761,0,0,89,93,15,5,5,87,32,0.368,40,10,0.25,23,15,0.652,40,16,56,27,17,-4,240.0,17,19,22,31,32,9,10,12,10,7,38,7,5,0,2,2,,Playoffs,East First Round,Game 4,4,4,8,1,,,,2026-04-26 13:00:00
42500134,2026-04-26 13:00:00,Toronto,Raptors,1610612761,Cleveland,Cavaliers,1610612739,1,1,93,89,19,8,11,97,31,0.32,30,4,0.133,36,27,0.75,38,21,59,19,11,4,240.0,14,24,22,33,19,6,10,12,15,17,50,19,5,0,2,2,,Playoffs,East First Round,Game 4,4,5,16,1,,,,2026-04-26 13:00:00
42500164,2026-04-25 20:30:00,Denver,Nuggets,1610612743,Minnesota,Timberwolves,1610612750,0,0,96,112,21,7,7,87,33,0.379,28,6,0.214,28,24,0.857,26,12,38,22,10,-16,240.0,23,31,24,18,16,7,8,10,15,16,42,12,6,0,1,3,,Playoffs,West First Round,Game 4,4,3,13,0,,,,2026-04-25 20:30:00
42500164,2026-04-25 20:30:00,Minnesota,Timberwolves,1610612750,Denver,Nuggets,1610612743,1,1,112,96,22,5,6,89,39,0.438,25,9,0.36,26,25,0.962,34,16,50,22,12,16,240.0,22,28,32,30,76,16,9,10,8,15,54,11,6,0,3,1,,Playoffs,West First Round,Game 4,4,6,10,0,,,,2026-04-25 20:30:00
42500124,2026-04-25 18:00:00,New York,Knicks,1610612752,Atlanta,Hawks,1610612737,0,1,114,98,23,3,9,83,41,0.494,31,14,0.452,23,18,0.783,31,12,43,23,14,16,240.0,27,31,28,28,35,24,11,4,8,21,50,15,3,1,2,2,,Playoffs,East First Round,Game 4,4,3,6,1,,,,2026-04-25 18:00:00
42500124,2026-04-25 18:00:00,Atlanta,Hawks,1610612737,New York,Knicks,1610612752,1,0,98,114,20,5,8,83,34,0.41,41,10,0.244,25,20,0.8,26,12,38,21,18,-16,240.0,20,24,21,33,34,1,10,4,7,14,44,17,3,1,2,2,,Playoffs,East First Round,Game 4,4,6,14,1,,,,2026-04-25 18:00:00
42500143,2026-04-25 15:30:00,Oklahoma City,Thunder,1610612760,Phoenix,Suns,1610612756,0,1,121,109,23,6,6,91,45,0.495,37,12,0.324,21,19,0.905,35,8,43,22,7,12,240.0,33,29,25,34,36,16,9,6,7,11,50,17,4,1,3,0,,Playoffs,West First Round,Game 3,3,1,9,1,,,,2026-04-25 15:30:00
42500143,2026-04-25 15:30:00,Phoenix,Suns,1610612756,Oklahoma City,Thunder,1610612760,1,0,109,121,25,2,2,87,38,0.437,41,13,0.317,23,20,0.87,30,9,39,25,11,-12,240.0,28,25,26,30,12,9,8,6,7,14,30,11,4,0,0,3,,Playoffs,West First Round,Game 3,3,8,10,0,,,,2026-04-25 15:30:00
42500103,2026-04-25 13:00:00,Orlando,Magic,1610612753,Detroit,Pistons,1610612765,1,1,113,105,22,8,8,89,36,0.404,33,15,0.455,33,26,0.788,34,14,48,24,14,8,240.0,26,35,26,26,17,17,10,12,9,25,36,19,7,0,2,1,,Playoffs,East First Round,Game 3,3,8,15,0,,,,2026-04-25 13:00:00
42500103,2026-04-25 13:00:00,Detroit,Pistons,1610612765,Orlando,Magic,1610612753,0,0,105,113,24,12,6,85,37,0.435,32,11,0.344,24,20,0.833,32,10,42,25,16,-8,240.0,26,28,25,26,20,4,11,12,12,19,42,15,7,0,1,2,,Playoffs,East First Round,Game 3,3,1,8,0,,,,2026-04-25 13:00:00
42500153,2026-04-24 22:30:00,San Antonio,Spurs,1610612759,Portland,Trail Blazers,1610612757,0,1,120,108,27,8,6,87,41,0.471,33,16,0.485,28,22,0.786,36,14,50,25,13,12,240.0,27,32,29,32,35,15,12,9,15,17,42,22,8,1,2,1,,Playoffs,West First Round,Game 3,3,2,11,2,,,,2026-04-24 22:30:00
42500153,2026-04-24 22:30:00,Portland,Trail Blazers,1610612757,San Antonio,Spurs,1610612759,1,0,108,120,21,4,7,90,37,0.411,38,14,0.368,29,20,0.69,29,16,45,24,10,-12,240.0,29,36,22,21,30,15,9,9,19,23,44,12,8,0,1,2,,Playoffs,West First Round,Game 3,3,7,9,1,,,,2026-04-24 22:30:00
42500173,2026-04-24 20:00:00,Los Angeles,Lakers,1610612747,Houston,Rockets,1610612745,0,1,112,108,28,6,12,79,38,0.481,29,12,0.414,32,24,0.75,36,9,45,23,20,4,265.0,39,24,17,21,24,15,11,8,9,22,50,17,8,0,3,0,,Playoffs,West First Round,Game 3,3,4,13,1,11,,11,2026-04-24 20:00:00
42500173,2026-04-24 20:00:00,Houston,Rockets,1610612745,Los Angeles,Lakers,1610612747,1,0,108,112,21,6,15,98,40,0.408,39,11,0.282,23,17,0.739,31,18,49,20,15,-4,265.0,32,20,23,26,3,6,6,8,15,17,54,18,8,0,0,3,,Playoffs,West First Round,Game 3,3,5,6,2,7,,7,2026-04-24 20:00:00
42500113,2026-04-24 19:00:00,Philadelphia,76ers,1610612755,Boston,Celtics,1610612738,1,0,100,108,18,8,6,87,38,0.437,35,12,0.343,16,12,0.75,24,13,37,20,11,-8,240.0,24,23,27,26,14,4,12,8,9,21,42,17,7,0,1,2,,Playoffs,East First Round,Game 3,3,7,11,0,,,,2026-04-24 19:00:00
42500113,2026-04-24 19:00:00,Boston,Celtics,1610612738,Philadelphia,76ers,1610612755,0,1,108,100,21,11,6,81,36,0.444,47,20,0.426,17,16,0.941,30,15,45,19,17,8,240.0,29,25,25,29,35,10,8,8,5,14,26,22,7,0,2,1,,Playoffs,East First Round,Game 3,3,2,6,0,,,,2026-04-24 19:00:00
42500163,2026-04-23 21:30:00,Minnesota,Timberwolves,1610612750,Denver,Nuggets,1610612743,1,1,113,96,31,5,6,93,44,0.473,34,9,0.265,21,16,0.762,41,12,53,27,10,17,240.0,25,36,27,25,36,27,9,0,21,14,68,10,0,0,2,1,,Playoffs,West First Round,Game 3,3,6,9,1,,,,2026-04-23 21:30:00
42500163,2026-04-23 21:30:00,Denver,Nuggets,1610612743,Minnesota,Timberwolves,1610612750,0,0,96,113,12,2,5,82,28,0.341,32,8,0.25,40,32,0.8,34,6,40,18,10,-17,240.0,11,28,29,28,39,0,7,0,7,4,34,19,0,0,1,2,,Playoffs,West First Round,Game 3,3,3,15,0,,,,2026-04-23 21:30:00
42500133,2026-04-23 20:00:00,Toronto,Raptors,1610612761,Cleveland,Cavaliers,1610612739,1,1,126,104,29,4,11,87,50,0.575,23,14,0.609,21,12,0.571,24,11,35,21,11,22,240.0,31,23,29,43,40,25,16,7,9,23,60,20,13,0,1,2,,Playoffs,East First Round,Game 3,3,5,10,1,,,,2026-04-23 20:00:00
42500133,2026-04-23 20:00:00,Cleveland,Cavaliers,1610612739,Toronto,Raptors,1610612761,0,0,104,126,23,6,7,81,36,0.444,45,14,0.311,23,18,0.783,26,16,42,15,20,-22,240.0,25,29,27,23,39,5,9,7,5,8,40,16,13,0,2,1,,Playoffs,East First Round,Game 3,3,4,10,2,,,,2026-04-23 20:00:00
42500123,2026-04-23 19:00:00,Atlanta,Hawks,1610612737,New York,Knicks,1610612752,1,1,109,108,19,8,10,86,39,0.453,33,13,0.394,26,18,0.692,32,13,45,17,16,1,240.0,33,25,30,21,31,18,11,5,20,21,40,17,2,0,2,1,,Playoffs,East First Round,Game 3,3,6,11,0,,,,2026-04-23 19:00:00
42500123,2026-04-23 19:00:00,New York,Knicks,1610612752,Atlanta,Hawks,1610612737,0,0,108,109,19,5,10,93,40,0.43,35,10,0.286,20,18,0.9,32,14,46,17,15,-1,240.0,21,29,30,28,30,3,11,5,15,18,56,21,2,0,1,2,,Playoffs,East First Round,Game 3,3,3,9,3,,,,2026-04-23 19:00:00
42500142,2026-04-22 21:30:00,Phoenix,Suns,1610612756,Oklahoma City,Thunder,1610612760,0,0,107,120,23,1,7,85,39,0.459,31,11,0.355,22,18,0.818,29,15,44,25,21,-13,240.0,29,28,20,30,20,3,9,9,14,9,42,18,2,1,0,2,,Playoffs,West First Round,Game 2,2,8,9,1,,,,2026-04-22 21:30:00
42500142,2026-04-22 21:30:00,Oklahoma City,Thunder,1610612760,Phoenix,Suns,1610612756,1,1,120,107,24,6,14,91,43,0.473,40,14,0.35,25,20,0.8,28,12,40,21,10,13,240.0,30,35,35,20,27,26,9,9,11,22,48,11,2,1,2,0,,Playoffs,West First Round,Game 2,2,1,11,0,,,,2026-04-22 21:30:00
42500102,2026-04-22 19:00:00,Detroit,Pistons,1610612765,Orlando,Magic,1610612753,1,1,98,83,22,11,9,85,39,0.459,26,6,0.231,24,14,0.583,40,17,57,23,22,15,240.0,25,21,38,14,23,27,19,4,14,18,54,16,5,1,1,1,,Playoffs,East First Round,Game 2,2,1,10,1,,,,2026-04-22 19:00:00
42500102,2026-04-22 19:00:00,Orlando,Magic,1610612753,Detroit,Pistons,1610612765,0,0,83,98,17,6,16,80,26,0.325,32,8,0.25,32,23,0.719,29,13,42,25,17,-15,240.0,21,25,16,21,19,1,6,4,19,19,34,5,5,1,1,1,,Playoffs,East First Round,Game 2,2,8,10,2,,,,2026-04-22 19:00:00
42500172,2026-04-21 22:30:00,Los Angeles,Lakers,1610612747,Houston,Rockets,1610612745,1,1,101,94,21,5,11,72,33,0.458,28,13,0.464,28,22,0.786,28,9,37,20,12,7,240.0,33,21,21,26,6,15,15,7,17,16,34,17,3,0,2,0,,Playoffs,West First Round,Game 2,2,4,11,3,,,,2026-04-21 22:30:00
42500172,2026-04-21 22:30:00,Houston,Rockets,1610612745,Los Angeles,Lakers,1610612747,0,0,94,101,23,6,8,89,36,0.404,29,7,0.241,19,15,0.789,25,17,42,22,15,-7,240.0,26,25,17,26,10,4,14,7,20,15,54,21,3,0,0,2,,Playoffs,West First Round,Game 2,2,5,12,0,,,,2026-04-21 22:30:00
42500152,2026-04-21 20:00:00,Portland,Trail Blazers,1610612757,San Antonio,Spurs,1610612759,0,1,106,103,20,11,8,89,38,0.427,38,13,0.342,23,17,0.739,28,15,43,23,15,3,240.0,27,30,22,27,26,13,13,9,14,24,42,23,9,0,1,1,,Playoffs,West First Round,Game 2,2,7,11,0,,,,2026-04-21 20:00:00
42500152,2026-04-21 20:00:00,San Antonio,Spurs,1610612759,Portland,Trail Blazers,1610612757,1,0,103,106,19,5,13,86,38,0.442,24,7,0.292,28,20,0.714,33,12,45,21,16,-3,240.0,28,29,23,23,38,14,15,9,20,22,38,20,9,0,1,1,,Playoffs,West First Round,Game 2,2,2,15,1,,,,2026-04-21 20:00:00
42500112,2026-04-21 19:00:00,Boston,Celtics,1610612738,Philadelphia,76ers,1610612755,1,0,97,111,24,4,3,89,35,0.393,50,13,0.26,18,14,0.778,32,18,50,17,11,-14,240.0,28,26,23,20,20,13,16,7,11,10,38,22,6,1,1,1,,Playoffs,East First Round,Game 2,2,2,11,2,,,,2026-04-21 19:00:00
42500112,2026-04-21 19:00:00,Philadelphia,76ers,1610612755,Boston,Celtics,1610612738,0,1,111,97,18,4,6,90,43,0.478,39,19,0.487,11,6,0.545,30,12,42,17,7,14,240.0,25,37,22,27,21,16,11,7,12,15,32,19,6,1,1,1,,Playoffs,East First Round,Game 2,2,7,7,2,,,,2026-04-21 19:00:00
42500162,2026-04-20 22:30:00,Denver,Nuggets,1610612743,Minnesota,Timberwolves,1610612750,1,0,114,119,28,1,5,86,38,0.442,41,15,0.366,30,23,0.767,38,5,43,24,9,-5,240.0,39,25,29,21,23,19,17,15,21,10,40,3,7,0,1,1,,Playoffs,West First Round,Game 2,2,3,11,0,,,,2026-04-20 22:30:00
42500162,2026-04-20 22:30:00,Minnesota,Timberwolves,1610612750,Denver,Nuggets,1610612743,0,1,119,114,30,2,6,90,43,0.478,34,14,0.412,30,19,0.633,40,9,49,30,12,5,240.0,25,39,26,29,33,8,11,15,13,12,52,20,7,0,1,1,,Playoffs,West First Round,Game 2,2,6,11,0,,,,2026-04-20 22:30:00
42500122,2026-04-20 20:00:00,New York,Knicks,1610612752,Atlanta,Hawks,1610612737,1,0,106,107,22,4,5,87,39,0.448,34,11,0.324,27,17,0.63,33,14,47,21,14,-1,240.0,32,29,30,15,20,14,10,3,13,12,54,24,3,0,1,1,,Playoffs,East First Round,Game 2,2,3,14,0,,,,2026-04-20 20:00:00
42500122,2026-04-20 20:00:00,Atlanta,Hawks,1610612737,New York,Knicks,1610612752,0,1,107,106,22,7,9,81,40,0.494,30,9,0.3,23,18,0.783,30,6,36,26,11,1,240.0,23,31,25,28,28,4,11,3,20,18,58,9,3,0,1,1,,Playoffs,East First Round,Game 2,2,6,7,1,,,,2026-04-20 20:00:00
42500132,2026-04-20 19:00:00,Cleveland,Cavaliers,1610612739,Toronto,Raptors,1610612761,1,1,115,105,22,5,13,83,44,0.53,40,13,0.325,22,14,0.636,27,8,35,20,12,10,240.0,26,28,30,31,19,16,7,0,2,22,52,10,0,0,2,0,,Playoffs,East First Round,Game 2,2,4,8,2,,,,2026-04-20 19:00:00
42500132,2026-04-20 19:00:00,Toronto,Raptors,1610612761,Cleveland,Cavaliers,1610612739,0,0,105,115,23,3,8,83,42,0.506,26,7,0.269,17,14,0.824,30,12,42,24,22,-10,240.0,19,29,29,28,45,0,7,0,16,19,64,19,0,0,0,2,,Playoffs,East First Round,Game 2,2,5,7,0,,,,2026-04-20 19:00:00
42500151,2026-04-19 21:00:00,Portland,Trail Blazers,1610612757,San Antonio,Spurs,1610612759,0,0,98,111,28,2,9,91,39,0.429,38,10,0.263,12,10,0.833,30,8,38,17,10,-13,240.0,21,28,23,26,29,3,10,6,11,15,42,13,3,1,0,1,,Playoffs,West First Round,Game 1,1,7,11,1,,,,2026-04-19 21:00:00
42500151,2026-04-19 21:00:00,San Antonio,Spurs,1610612759,Portland,Trail Blazers,1610612757,1,1,111,98,24,5,6,84,40,0.476,33,15,0.455,19,16,0.842,34,11,45,19,13,13,240.0,30,29,28,24,21,21,9,6,20,9,48,13,3,1,1,0,,Playoffs,West First Round,Game 1,1,2,7,1,,,,2026-04-19 21:00:00
42500101,2026-04-19 18:30:00,Orlando,Magic,1610612753,Detroit,Pistons,1610612765,0,1,112,101,26,6,11,90,44,0.489,34,10,0.294,19,14,0.737,34,11,45,24,12,11,240.0,35,20,26,31,20,13,10,0,23,17,54,12,2,1,1,0,,Playoffs,East First Round,Game 1,1,8,10,0,,,,2026-04-19 18:30:00
42500101,2026-04-19 18:30:00,Detroit,Pistons,1610612765,Orlando,Magic,1610612753,1,0,101,112,19,6,9,77,31,0.403,32,10,0.313,38,29,0.763,33,6,39,17,14,-11,240.0,27,24,23,27,20,0,10,0,25,18,34,16,2,1,0,1,,Playoffs,East First Round,Game 1,1,1,12,0,,,,2026-04-19 18:30:00
42500141,2026-04-19 15:30:00,Phoenix,Suns,1610612756,Oklahoma City,Thunder,1610612760,0,0,84,119,16,2,3,83,29,0.349,39,13,0.333,18,13,0.722,31,14,45,18,17,-35,240.0,20,24,22,18,24,5,5,1,2,2,24,22,3,0,0,1,,Playoffs,West First Round,Game 1,1,8,12,2,,,,2026-04-19 15:30:00
42500141,2026-04-19 15:30:00,Oklahoma City,Thunder,1610612760,Phoenix,Suns,1610612756,1,1,119,84,28,7,13,93,42,0.452,46,14,0.304,23,21,0.913,35,19,54,22,6,35,240.0,35,30,32,22,40,39,12,1,18,32,52,25,3,1,1,0,,Playoffs,West First Round,Game 1,1,1,1,2,,,,2026-04-19 15:30:00
42500111,2026-04-19 13:00:00,Philadelphia,76ers,1610612755,Boston,Celtics,1610612738,0,0,91,123,20,1,3,90,35,0.389,23,4,0.174,23,17,0.739,29,11,40,20,14,-32,240.0,18,28,25,20,27,0,6,0,10,3,58,10,1,1,0,1,,Playoffs,East First Round,Game 1,1,7,13,1,,,,2026-04-19 13:00:00
42500111,2026-04-19 13:00:00,Boston,Celtics,1610612738,Philadelphia,76ers,1610612755,1,1,123,91,31,3,7,90,45,0.5,44,16,0.364,22,17,0.773,38,5,43,21,8,32,240.0,33,31,31,28,37,35,10,0,20,22,42,12,1,0,1,0,,Playoffs,East First Round,Game 1,1,2,15,2,,,,2026-04-19 13:00:00
42500171,2026-04-18 20:30:00,Houston,Rockets,1610612745,Los Angeles,Lakers,1610612747,0,0,98,107,24,3,13,93,35,0.376,33,11,0.333,25,17,0.68,23,21,44,22,13,-9,240.0,29,19,18,32,22,2,9,3,11,24,44,23,3,1,0,1,,Playoffs,West First Round,Game 1,1,5,11,0,,,,2026-04-18 20:30:00
42500171,2026-04-18 20:30:00,Los Angeles,Lakers,1610612747,Houston,Rockets,1610612745,1,1,107,98,29,8,7,66,40,0.606,19,10,0.526,26,17,0.654,32,3,35,25,18,9,240.0,33,17,25,32,13,16,8,3,4,5,40,6,3,0,1,0,,Playoffs,West First Round,Game 1,1,4,11,2,,,,2026-04-18 20:30:00
42500121,2026-04-18 18:00:00,Atlanta,Hawks,1610612737,New York,Knicks,1610612752,0,0,102,113,25,3,5,87,38,0.437,37,14,0.378,19,12,0.632,32,8,40,21,12,-11,240.0,24,31,19,28,13,4,11,6,13,15,42,7,5,0,0,1,,Playoffs,East First Round,Game 1,1,6,11,0,,,,2026-04-18 18:00:00
42500121,2026-04-18 18:00:00,New York,Knicks,1610612752,Atlanta,Hawks,1610612737,1,1,113,102,22,5,7,80,38,0.475,25,12,0.48,30,25,0.833,39,6,45,24,11,11,240.0,30,27,26,30,20,19,10,6,22,18,44,13,5,0,1,0,,Playoffs,East First Round,Game 1,1,3,9,0,,,,2026-04-18 18:00:00
42500161,2026-04-18 15:30:00,Minnesota,Timberwolves,1610612750,Denver,Nuggets,1610612743,0,0,105,116,21,3,7,87,40,0.46,34,11,0.324,19,14,0.737,36,7,43,25,13,-11,240.0,33,29,17,26,22,12,9,8,14,17,54,10,6,0,0,1,,Playoffs,West First Round,Game 1,1,6,7,0,,,,2026-04-18 15:30:00
42500161,2026-04-18 15:30:00,Denver,Nuggets,1610612743,Minnesota,Timberwolves,1610612750,1,1,116,105,27,1,7,87,38,0.437,36,10,0.278,33,30,0.909,39,8,47,17,13,11,240.0,23,39,29,25,20,15,14,8,14,16,42,20,6,0,1,0,,Playoffs,West First Round,Game 1,1,3,8,1,,,,2026-04-18 15:30:00
42500131,2026-04-18 13:00:00,Toronto,Raptors,1610612761,Cleveland,Cavaliers,1610612739,0,0,113,126,29,4,3,71,37,0.521,27,13,0.481,35,26,0.743,23,4,27,23,17,-13,240.0,31,23,22,37,30,5,6,6,3,24,36,10,6,0,0,1,,Playoffs,East First Round,Game 1,1,5,15,1,,,,2026-04-18 13:00:00
42500131,2026-04-18 13:00:00,Cleveland,Cavaliers,1610612739,Toronto,Raptors,1610612761,1,1,126,113,24,0,9,81,44,0.543,32,16,0.5,28,22,0.786,26,7,33,28,15,13,240.0,35,26,36,29,40,24,9,6,2,22,52,13,6,1,1,0,,Playoffs,East First Round,Game 1,1,4,13,2,,,,2026-04-18 13:00:00
52500211,2026-04-17 22:00:00,Phoenix,Suns,1610612756,Golden State,Warriors,1610612744,1,1,111,96,23,4,14,81,39,0.481,49,18,0.367,15,15,1.0,27,9,36,23,12,15,240.0,33,17,28,33,13,18,13,1,14,30,28,13,0,1,1,1,,Play-in Tournament,SoFi Play-In Tournament,West,,7,3,3,,,,2026-04-17 22:00:00
52500211,2026-04-17 22:00:00,Golden State,Warriors,1610612744,Phoenix,Suns,1610612756,0,0,96,111,22,0,5,74,33,0.446,33,11,0.333,23,19,0.826,27,12,39,19,20,-15,240.0,15,30,24,27,31,2,9,1,10,10,42,13,0,0,1,1,,Play-in Tournament,SoFi Play-In Tournament,West,,10,10,1,,,,2026-04-17 22:00:00
52500201,2026-04-17 19:30:00,Charlotte,Hornets,1610612766,Orlando,Magic,1610612753,0,0,90,121,17,4,7,83,28,0.337,45,12,0.267,25,22,0.88,27,7,34,33,16,-31,240.0,16,21,34,19,25,1,7,2,7,17,28,11,1,1,1,1,,Play-in Tournament,SoFi Play-In Tournament,East,,9,18,4,,,,2026-04-17 19:30:00
52500201,2026-04-17 19:30:00,Orlando,Magic,1610612753,Charlotte,Hornets,1610612766,1,1,121,90,27,8,6,84,42,0.5,27,8,0.296,37,29,0.784,38,11,49,31,14,31,240.0,38,30,34,19,37,35,13,2,24,26,64,20,1,1,1,1,,Play-in Tournament,SoFi Play-In Tournament,East,,8,9,0,,,,2026-04-17 19:30:00
52500131,2026-04-15 22:00:00,LA,Clippers,1610612746,Golden State,Warriors,1610612744,1,0,121,126,30,3,15,86,45,0.523,35,14,0.4,17,17,1.0,27,9,36,23,17,-5,240.0,31,30,28,32,42,13,12,8,21,35,52,15,3,0,0,1,,Play-in Tournament,SoFi Play-In Tournament,West,,9,5,1,,,,2026-04-15 22:00:00
52500131,2026-04-15 22:00:00,Golden State,Warriors,1610612744,LA,Clippers,1610612746,0,1,126,121,29,3,12,83,47,0.566,41,19,0.463,21,13,0.619,26,10,36,19,20,5,240.0,22,31,30,43,27,7,13,8,11,26,54,11,3,1,1,0,,Play-in Tournament,SoFi Play-In Tournament,West,,10,10,0,,,,2026-04-15 22:00:00
52500101,2026-04-15 19:30:00,Orlando,Magic,1610612753,Philadelphia,76ers,1610612755,0,0,97,109,19,4,5,81,33,0.407,27,7,0.259,31,24,0.774,32,9,41,21,14,-12,240.0,24,31,19,23,24,3,6,12,15,13,44,14,9,0,0,1,,Play-in Tournament,SoFi Play-In Tournament,East,,8,16,1,,,,2026-04-15 19:30:00
52500101,2026-04-15 19:30:00,Philadelphia,76ers,1610612755,Orlando,Magic,1610612753,1,1,109,97,17,9,8,85,38,0.447,35,12,0.343,25,21,0.84,33,7,40,27,11,12,240.0,28,31,20,30,22,12,8,12,12,15,38,14,9,1,1,0,,Play-in Tournament,SoFi Play-In Tournament,East,,7,10,1,,,,2026-04-15 19:30:00
52500121,2026-04-14 22:00:00,Phoenix,Suns,1610612756,Portland,Trail Blazers,1610612757,1,0,110,114,20,6,12,79,39,0.494,25,9,0.36,32,23,0.719,29,9,38,24,13,-4,240.0,33,29,20,28,17,11,16,7,12,18,36,12,1,0,0,1,,Play-in Tournament,SoFi Play-In Tournament,West,,7,10,1,,,,2026-04-14 22:00:00
52500121,2026-04-14 22:00:00,Portland,Trail Blazers,1610612757,Phoenix,Suns,1610612756,0,1,114,110,27,10,9,88,40,0.455,47,17,0.362,23,17,0.739,29,13,42,27,15,4,240.0,31,34,18,31,33,14,8,7,9,21,40,15,1,0,1,0,,Play-in Tournament,SoFi Play-In Tournament,West,,8,14,0,,,,2026-04-14 22:00:00
52500111,2026-04-14 19:30:00,Miami,Heat,1610612748,Charlotte,Hornets,1610612766,0,0,126,127,32,8,4,103,49,0.476,41,16,0.39,14,12,0.857,36,12,48,9,7,-1,265.0,24,30,29,31,30,7,12,16,17,11,62,20,17,0,0,1,,Play-in Tournament,SoFi Play-In Tournament,East,,10,7,0,12,,12,2026-04-14 19:30:00
52500111,2026-04-14 19:30:00,Charlotte,Hornets,1610612766,Miami,Heat,1610612748,1,1,127,126,26,7,4,113,50,0.442,56,18,0.321,9,9,1.0,37,17,54,21,6,1,265.0,26,26,37,25,32,8,10,16,5,9,58,25,17,0,1,0,,Play-in Tournament,SoFi Play-In Tournament,East,,9,11,2,13,,13,2026-04-14 19:30:00
22501193,2026-04-12 20:30:00,Dallas,Mavericks,1610612742,Chicago,Bulls,1610612741,1,1,149,128,35,5,10,100,52,0.52,49,22,0.449,27,23,0.852,41,16,57,24,18,21,240.0,45,35,39,30,97,34,16,1,24,11,56,26,1,1,26,56,,Regular Season,,,,,4,0,,,,2026-04-12 20:30:00
22501193,2026-04-12 20:30:00,Chicago,Bulls,1610612741,Dallas,Mavericks,1610612742,0,0,128,149,30,3,12,106,52,0.491,38,10,0.263,19,14,0.737,29,13,42,20,13,-21,240.0,34,22,32,40,63,2,9,1,19,19,78,15,1,1,31,51,,Regular Season,,,,,10,0,,,,2026-04-12 20:30:00
22501194,2026-04-12 20:30:00,Memphis,Grizzlies,1610612763,Houston,Rockets,1610612745,0,0,101,132,23,6,8,95,39,0.411,49,13,0.265,10,10,1.0,31,6,37,24,13,-31,240.0,26,19,26,30,33,4,8,8,14,15,48,6,2,1,25,57,,Regular Season,,,,,7,0,,,,2026-04-12 20:30:00
22501194,2026-04-12 20:30:00,Houston,Rockets,1610612745,Memphis,Grizzlies,1610612763,1,1,132,101,23,8,10,105,48,0.457,49,14,0.286,30,22,0.733,43,21,64,10,11,31,240.0,32,34,34,32,54,39,12,8,16,19,62,34,2,1,52,30,,Regular Season,,,,,13,0,,,,2026-04-12 20:30:00
22501195,2026-04-12 20:30:00,Minnesota,Timberwolves,1610612750,New Orleans,Pelicans,1610612740,1,1,132,126,32,13,5,89,45,0.506,37,10,0.27,43,32,0.744,35,12,47,27,11,6,240.0,34,39,24,35,56,16,7,0,10,11,68,21,0,0,49,33,,Regular Season,,,,,13,0,,,,2026-04-12 20:30:00
22501195,2026-04-12 20:30:00,New Orleans,Pelicans,1610612740,Minnesota,Timberwolves,1610612750,0,0,126,132,20,6,9,107,45,0.421,21,5,0.238,38,31,0.816,32,20,52,28,9,-6,240.0,24,35,31,36,22,0,9,0,18,21,72,31,0,0,26,56,,Regular Season,,,,,13,0,,,,2026-04-12 20:30:00
22501196,2026-04-12 20:30:00,Oklahoma City,Thunder,1610612760,Phoenix,Suns,1610612756,1,0,103,135,32,7,9,95,41,0.432,46,18,0.391,9,3,0.333,27,9,36,8,10,-32,240.0,19,33,25,26,41,0,8,0,21,19,44,12,1,1,64,18,,Regular Season,,,,,7,0,,,,2026-04-12 20:30:00
22501196,2026-04-12 20:30:00,Phoenix,Suns,1610612756,Oklahoma City,Thunder,1610612760,0,1,135,103,28,8,5,101,56,0.554,41,20,0.488,6,3,0.5,41,13,54,9,11,32,240.0,37,33,34,31,53,32,21,0,18,14,64,21,1,1,45,37,,Regular Season,,,,,11,2,,,,2026-04-12 20:30:00
22501197,2026-04-12 20:30:00,San Antonio,Spurs,1610612759,Denver,Nuggets,1610612743,1,0,118,128,27,5,5,99,45,0.455,47,15,0.319,18,13,0.722,31,14,45,18,9,-10,240.0,34,22,35,27,56,5,7,3,19,14,54,14,2,1,62,20,,Regular Season,,,,,6,0,,,,2026-04-12 20:30:00
22501197,2026-04-12 20:30:00,Denver,Nuggets,1610612743,San Antonio,Spurs,1610612759,0,1,128,118,30,5,4,100,50,0.5,30,11,0.367,22,17,0.773,39,19,58,16,10,10,240.0,37,33,31,27,55,23,22,3,8,16,62,33,2,1,54,28,,Regular Season,,,,,6,2,,,,2026-04-12 20:30:00
22501198,2026-04-12 20:30:00,Utah,Jazz,1610612762,Los Angeles,Lakers,1610612747,0,0,107,131,25,4,13,94,41,0.436,34,7,0.206,27,18,0.667,25,17,42,14,16,-24,240.0,22,23,29,33,25,0,7,0,17,18,50,23,0,1,22,60,,Regular Season,,,,,7,0,,,,2026-04-12 20:30:00
22501198,2026-04-12 20:30:00,Los Angeles,Lakers,1610612747,Utah,Jazz,1610612762,1,1,131,107,37,6,12,93,51,0.548,34,15,0.441,17,14,0.824,38,11,49,20,15,24,240.0,32,30,33,36,61,30,8,0,20,26,60,13,0,0,53,29,,Regular Season,,,,,10,2,,,,2026-04-12 20:30:00
22501199,2026-04-12 20:30:00,LA,Clippers,1610612746,Golden State,Warriors,1610612744,1,1,115,110,27,4,3,89,42,0.472,39,14,0.359,19,17,0.895,34,10,44,24,10,5,240.0,25,27,31,32,71,12,9,5,8,17,54,18,10,1,42,40,,Regular Season,,,,,7,0,,,,2026-04-12 20:30:00
22501199,2026-04-12 20:30:00,Golden State,Warriors,1610612744,LA,Clippers,1610612746,0,0,110,115,24,3,3,86,36,0.419,39,11,0.282,32,27,0.844,31,16,47,21,9,-5,240.0,26,22,33,29,55,7,9,5,11,14,46,28,10,1,37,45,,Regular Season,,,,,6,1,,,,2026-04-12 20:30:00
22501200,2026-04-12 20:30:00,Portland,Trail Blazers,1610612757,Sacramento,Kings,1610612758,1,1,122,110,28,3,9,101,47,0.465,46,16,0.348,15,12,0.8,28,18,46,21,12,12,240.0,33,44,19,26,31,20,8,4,10,30,52,29,2,1,42,40,,Regular Season,,,,,7,0,,,,2026-04-12 20:30:00
22501200,2026-04-12 20:30:00,Sacramento,Kings,1610612758,Portland,Trail Blazers,1610612757,0,0,110,122,24,8,7,83,40,0.482,21,7,0.333,31,23,0.742,32,15,47,18,16,-12,240.0,33,24,27,26,22,1,8,4,14,7,60,16,2,1,22,60,,Regular Season,,,,,8,1,,,,2026-04-12 20:30:00
22501186,2026-04-12 18:00:00,Orlando,Magic,1610612753,Boston,Celtics,1610612738,0,0,108,113,22,5,6,91,36,0.396,43,12,0.279,30,24,0.8,36,14,50,19,19,-5,240.0,29,32,20,27,31,11,11,6,40,11,42,11,7,0,45,37,,Regular Season,,,,,12,0,,,,2026-04-12 18:00:00
22501186,2026-04-12 18:00:00,Boston,Celtics,1610612738,Orlando,Magic,1610612753,1,1,113,108,24,6,10,87,36,0.414,50,19,0.38,22,22,1.0,38,8,46,23,17,5,240.0,20,32,42,19,17,16,7,6,18,23,32,11,7,0,56,26,,Regular Season,,,,,4,0,,,,2026-04-12 18:00:00
22501187,2026-04-12 18:00:00,Cleveland,Cavaliers,1610612739,Washington,Wizards,1610612764,1,1,130,117,31,4,8,89,48,0.539,43,18,0.419,21,16,0.762,36,17,53,18,19,13,240.0,43,22,34,31,59,25,10,0,17,13,54,23,0,1,52,30,,Regular Season,,,,,9,1,,,,2026-04-12 18:00:00
22501187,2026-04-12 18:00:00,Washington,Wizards,1610612764,Cleveland,Cavaliers,1610612739,0,0,117,130,29,2,10,90,42,0.467,41,18,0.439,19,15,0.789,23,7,30,21,12,-13,240.0,21,34,40,22,40,0,16,0,19,26,34,10,0,0,17,65,,Regular Season,,,,,8,1,,,,2026-04-12 18:00:00
22501188,2026-04-12 18:00:00,Detroit,Pistons,1610612765,Indiana,Pacers,1610612754,0,1,133,121,35,6,12,89,50,0.562,33,15,0.455,22,18,0.818,36,12,48,17,17,12,240.0,41,40,27,25,60,27,13,0,25,23,62,16,1,0,60,22,,Regular Season,,,,,9,1,,,,2026-04-12 18:00:00
22501188,2026-04-12 18:00:00,Indiana,Pacers,1610612754,Detroit,Pistons,1610612765,1,0,121,133,31,6,15,90,41,0.456,54,23,0.426,20,16,0.8,23,8,31,17,16,-12,240.0,27,36,26,32,45,0,8,0,23,33,36,19,1,0,19,63,,Regular Season,,,,,8,0,,,,2026-04-12 18:00:00
22501189,2026-04-12 18:00:00,Atlanta,Hawks,1610612737,Miami,Heat,1610612748,0,0,117,143,31,2,3,93,44,0.473,44,17,0.386,18,12,0.667,33,13,46,17,16,-26,240.0,24,37,23,33,56,0,8,0,8,16,48,13,2,1,46,36,,Regular Season,,,,,10,1,,,,2026-04-12 18:00:00
22501189,2026-04-12 18:00:00,Miami,Heat,1610612748,Atlanta,Hawks,1610612737,1,1,143,117,34,3,11,103,58,0.563,37,15,0.405,17,12,0.706,32,13,45,14,6,26,240.0,33,37,29,44,81,26,9,0,36,22,80,24,2,1,43,39,,Regular Season,,,,,5,1,,,,2026-04-12 18:00:00
22501190,2026-04-12 18:00:00,Charlotte,Hornets,1610612766,New York,Knicks,1610612752,0,1,110,96,27,7,7,85,39,0.459,52,19,0.365,17,13,0.765,34,12,46,13,17,14,240.0,30,27,30,23,47,21,10,5,8,11,40,26,1,1,44,38,,Regular Season,,,,,13,1,,,,2026-04-12 18:00:00
22501190,2026-04-12 18:00:00,New York,Knicks,1610612752,Charlotte,Hornets,1610612766,1,0,96,110,25,3,10,90,39,0.433,40,13,0.325,8,5,0.625,27,12,39,25,10,-14,240.0,20,24,29,23,46,3,7,5,20,21,42,12,1,1,53,29,,Regular Season,,,,,8,1,,,,2026-04-12 18:00:00
22501191,2026-04-12 18:00:00,Milwaukee,Bucks,1610612749,Philadelphia,76ers,1610612755,0,0,106,126,26,2,8,90,39,0.433,47,13,0.277,22,15,0.682,33,12,45,15,17,-20,240.0,26,36,16,28,25,4,8,7,12,24,48,17,8,1,32,50,,Regular Season,,,,,8,2,,,,2026-04-12 18:00:00
22501191,2026-04-12 18:00:00,Philadelphia,76ers,1610612755,Milwaukee,Bucks,1610612749,1,1,126,106,28,2,13,91,47,0.516,41,16,0.39,21,16,0.762,34,11,45,19,12,20,240.0,29,29,38,30,70,28,11,7,21,32,54,9,8,1,45,37,,Regular Season,,,,,11,2,,,,2026-04-12 18:00:00
22501192,2026-04-12 18:00:00,Toronto,Raptors,1610612761,Brooklyn,Nets,1610612751,1,1,136,101,36,8,9,80,51,0.638,27,12,0.444,29,22,0.759,40,3,43,20,10,35,240.0,32,38,30,36,52,38,17,3,40,23,72,7,2,1,46,36,,Regular Season,,,,,7,0,,,,2026-04-12 18:00:00
22501192,2026-04-12 18:00:00,Brooklyn,Nets,1610612751,Toronto,Raptors,1610612761,0,0,101,136,21,0,9,86,35,0.407,34,9,0.265,29,22,0.759,25,13,38,27,15,-35,240.0,27,34,23,17,45,6,7,3,10,11,44,9,2,1,20,62,,Regular Season,,,,,6,1,,,,2026-04-12 18:00:00
22501185,2026-04-10 22:30:00,Phoenix,Suns,1610612756,Los Angeles,Lakers,1610612747,0,0,73,101,17,1,8,77,26,0.338,40,7,0.175,21,14,0.667,29,18,47,18,23,-28,240.0,24,24,16,9,40,1,8,6,3,8,32,27,2,0,44,37,,Regular Season,,,,,9,0,,,,2026-04-10 22:30:00
22501185,2026-04-10 22:30:00,Los Angeles,Lakers,1610612747,Phoenix,Suns,1610612756,1,1,101,73,27,3,17,69,35,0.507,20,8,0.4,30,23,0.767,31,4,35,18,11,28,240.0,33,24,24,20,29,29,13,6,19,24,46,8,2,0,52,29,,Regular Season,,,,,10,0,,,,2026-04-10 22:30:00
22501183,2026-04-10 22:00:00,Portland,Trail Blazers,1610612757,LA,Clippers,1610612746,1,1,116,97,23,7,12,83,37,0.446,39,12,0.308,35,30,0.857,32,14,46,15,13,19,240.0,33,28,25,30,40,20,12,8,15,24,46,18,9,1,41,40,,Regular Season,,,,,14,2,,,,2026-04-10 22:00:00
22501183,2026-04-10 22:00:00,LA,Clippers,1610612746,Portland,Trail Blazers,1610612757,0,0,97,116,17,3,6,83,36,0.434,40,13,0.325,12,12,1.0,25,10,35,27,16,-19,240.0,24,27,33,13,21,4,12,8,15,16,42,14,9,1,41,40,,Regular Season,,,,,4,1,,,,2026-04-10 22:00:00
22501184,2026-04-10 22:00:00,Sacramento,Kings,1610612758,Golden State,Warriors,1610612744,1,1,124,118,25,6,10,89,41,0.461,44,17,0.386,34,25,0.735,33,16,49,21,16,6,240.0,32,31,19,42,27,15,10,15,12,20,42,21,10,1,22,59,,Regular Season,,,,,9,0,,,,2026-04-10 22:00:00
22501184,2026-04-10 22:00:00,Golden State,Warriors,1610612744,Sacramento,Kings,1610612758,0,0,118,124,30,4,12,81,39,0.481,36,14,0.389,28,26,0.929,30,6,36,22,16,-6,240.0,27,24,38,29,52,11,12,15,12,14,44,11,10,0,37,44,,Regular Season,,,,,7,0,,,,2026-04-10 22:00:00
22501178,2026-04-10 21:30:00,Minnesota,Timberwolves,1610612750,Houston,Rockets,1610612745,0,1,136,132,27,7,7,89,51,0.573,30,15,0.5,25,19,0.76,18,7,25,21,7,4,240.0,37,32,34,33,49,10,7,22,10,17,64,12,19,0,48,33,,Regular Season,,,,,12,1,,,,2026-04-10 21:30:00
22501178,2026-04-10 21:30:00,Houston,Rockets,1610612745,Minnesota,Timberwolves,1610612750,1,0,132,136,29,8,4,87,53,0.609,19,4,0.211,28,22,0.786,28,11,39,18,12,-4,240.0,36,37,33,26,18,10,6,22,16,11,86,10,19,1,51,30,,Regular Season,,,,,10,1,,,,2026-04-10 21:30:00
22501181,2026-04-10 21:30:00,Memphis,Grizzlies,1610612763,Utah,Jazz,1610612762,0,0,101,147,27,2,10,109,41,0.376,52,11,0.212,9,8,0.889,36,11,47,15,19,-46,240.0,30,22,22,27,16,4,7,7,21,17,54,15,5,1,25,56,,Regular Season,,,,,8,1,,,,2026-04-10 21:30:00
22501181,2026-04-10 21:30:00,Utah,Jazz,1610612762,Memphis,Grizzlies,1610612763,1,1,147,101,43,5,16,110,62,0.564,35,15,0.429,17,8,0.471,52,12,64,9,16,46,240.0,33,41,36,37,38,55,15,7,45,20,86,21,5,0,22,59,,Regular Season,,,,,9,0,,,,2026-04-10 21:30:00
22501182,2026-04-10 21:00:00,Denver,Nuggets,1610612743,Oklahoma City,Thunder,1610612760,1,1,127,107,28,7,10,93,47,0.505,43,21,0.488,13,12,0.923,39,10,49,10,16,20,240.0,34,25,31,37,50,21,17,2,16,21,40,17,1,1,53,28,,Regular Season,,,,,6,1,,,,2026-04-10 21:00:00
22501182,2026-04-10 21:00:00,Oklahoma City,Thunder,1610612760,Denver,Nuggets,1610612743,0,0,107,127,25,1,11,99,42,0.424,44,14,0.318,12,9,0.75,31,15,46,15,13,-20,240.0,27,24,34,22,37,2,7,2,9,19,46,14,1,0,64,17,,Regular Season,,,,,6,0,,,,2026-04-10 21:00:00
22501177,2026-04-10 20:00:00,Orlando,Magic,1610612753,Chicago,Bulls,1610612741,0,1,127,103,33,6,12,94,49,0.521,37,13,0.351,24,16,0.667,35,12,47,22,14,24,240.0,28,36,35,28,63,28,9,6,20,28,68,19,5,1,45,36,,Regular Season,,,,,11,1,,,,2026-04-10 20:00:00
22501177,2026-04-10 20:00:00,Chicago,Bulls,1610612741,Orlando,Magic,1610612753,1,0,103,127,25,5,10,87,38,0.437,39,10,0.256,26,17,0.654,32,10,42,20,20,-24,240.0,26,27,26,24,33,2,9,6,14,13,54,14,5,1,31,50,,Regular Season,,,,,12,0,,,,2026-04-10 20:00:00
22501179,2026-04-10 20:00:00,Milwaukee,Bucks,1610612749,Brooklyn,Nets,1610612751,1,1,125,108,36,7,5,81,45,0.556,48,24,0.5,16,11,0.688,36,8,44,15,17,17,240.0,38,28,33,26,19,23,12,0,23,14,38,11,1,1,32,49,,Regular Season,,,,,5,0,,,,2026-04-10 20:00:00
22501179,2026-04-10 20:00:00,Brooklyn,Nets,1610612751,Milwaukee,Bucks,1610612749,0,0,108,125,28,2,7,84,38,0.452,45,18,0.4,16,14,0.875,28,9,37,13,7,-17,240.0,24,30,30,24,27,0,9,0,13,20,30,18,1,1,20,61,,Regular Season,,,,,6,4,,,,2026-04-10 20:00:00
22501180,2026-04-10 20:00:00,Dallas,Mavericks,1610612742,San Antonio,Spurs,1610612759,0,0,120,139,26,6,7,98,45,0.459,40,15,0.375,19,15,0.789,21,14,35,19,7,-19,240.0,26,39,28,27,42,2,9,4,12,12,42,14,8,1,25,56,,Regular Season,,,,,7,0,,,,2026-04-10 20:00:00
22501180,2026-04-10 20:00:00,San Antonio,Spurs,1610612759,Dallas,Mavericks,1610612742,1,1,139,120,30,6,4,92,50,0.543,32,13,0.406,27,26,0.963,35,13,48,15,10,19,240.0,37,31,40,31,49,24,10,4,8,4,72,18,8,1,62,19,,Regular Season,,,,,10,1,,,,2026-04-10 20:00:00
22501174,2026-04-10 19:30:00,New Orleans,Pelicans,1610612740,Boston,Celtics,1610612738,0,0,118,144,22,3,6,96,44,0.458,32,9,0.281,30,21,0.7,30,14,44,19,13,-26,240.0,25,26,31,36,44,2,9,1,18,17,56,21,1,0,26,55,,Regular Season,,,,,14,0,,,,2026-04-10 19:30:00
22501174,2026-04-10 19:30:00,Boston,Celtics,1610612738,New Orleans,Pelicans,1610612740,1,1,144,118,35,5,9,96,52,0.542,59,29,0.492,15,11,0.733,35,9,44,26,13,26,240.0,44,38,34,28,75,41,11,1,26,18,40,14,1,1,55,26,,Regular Season,,,,,9,1,,,,2026-04-10 19:30:00
22501175,2026-04-10 19:30:00,Indiana,Pacers,1610612754,Philadelphia,76ers,1610612755,1,0,94,105,25,8,6,88,33,0.375,50,14,0.28,16,14,0.875,42,10,52,15,21,-11,240.0,21,30,26,17,26,8,11,2,12,5,28,10,4,1,19,62,,Regular Season,,,,,9,0,,,,2026-04-10 19:30:00
22501175,2026-04-10 19:30:00,Philadelphia,76ers,1610612755,Indiana,Pacers,1610612754,0,1,105,94,17,2,13,104,42,0.404,29,5,0.172,19,16,0.842,42,16,58,14,8,11,240.0,28,30,31,16,18,14,10,2,6,18,64,18,4,1,44,37,,Regular Season,,,,,4,0,,,,2026-04-10 19:30:00
22501176,2026-04-10 19:30:00,Toronto,Raptors,1610612761,New York,Knicks,1610612752,0,0,95,112,24,0,7,73,36,0.493,25,10,0.4,20,13,0.65,25,7,32,24,17,-17,240.0,21,15,28,31,40,1,7,4,9,12,40,8,1,0,45,36,,Regular Season,,,,,8,1,,,,2026-04-10 19:30:00
22501176,2026-04-10 19:30:00,New York,Knicks,1610612752,Toronto,Raptors,1610612761,1,1,112,95,24,0,10,75,41,0.547,31,8,0.258,27,22,0.815,32,5,37,16,10,17,240.0,22,29,28,33,43,19,12,4,11,27,58,9,1,1,53,28,,Regular Season,,,,,6,2,,,,2026-04-10 19:30:00
22501171,2026-04-10 19:00:00,Detroit,Pistons,1610612765,Charlotte,Hornets,1610612766,0,1,118,100,29,8,13,89,45,0.506,27,9,0.333,26,19,0.731,33,16,49,20,13,18,240.0,36,32,25,25,45,21,14,11,20,22,62,27,13,1,59,22,,Regular Season,,,,,7,2,,,,2026-04-10 19:00:00
22501171,2026-04-10 19:00:00,Charlotte,Hornets,1610612766,Detroit,Pistons,1610612765,1,0,100,118,16,8,10,88,34,0.386,47,13,0.277,23,19,0.826,27,14,41,17,15,-18,240.0,30,35,25,10,23,4,6,11,12,18,42,12,13,1,43,38,,Regular Season,,,,,13,1,,,,2026-04-10 19:00:00
22501172,2026-04-10 19:00:00,Miami,Heat,1610612748,Washington,Wizards,1610612764,0,1,140,117,37,1,8,82,49,0.598,37,20,0.541,26,22,0.846,31,9,40,20,18,23,240.0,34,38,33,35,57,25,11,4,24,26,58,19,2,1,42,39,,Regular Season,,,,,12,1,,,,2026-04-10 19:00:00
22501172,2026-04-10 19:00:00,Washington,Wizards,1610612764,Miami,Heat,1610612748,1,0,117,140,26,2,11,92,46,0.5,31,14,0.452,14,11,0.786,21,6,27,17,13,-23,240.0,23,29,33,32,34,2,8,4,9,18,50,10,2,1,17,64,,Regular Season,,,,,8,1,,,,2026-04-10 19:00:00
22501173,2026-04-10 19:00:00,Atlanta,Hawks,1610612737,Cleveland,Cavaliers,1610612739,1,1,124,102,27,4,12,93,45,0.484,44,16,0.364,25,18,0.72,32,14,46,18,11,22,240.0,27,34,35,28,44,36,16,1,18,22,56,23,5,1,46,35,,Regular Season,,,,,11,2,,,,2026-04-10 19:00:00
22501173,2026-04-10 19:00:00,Cleveland,Cavaliers,1610612739,Atlanta,Hawks,1610612737,0,0,102,124,25,6,8,86,39,0.453,27,7,0.259,18,17,0.944,31,9,40,20,19,-22,240.0,22,26,17,37,52,5,9,1,12,16,54,12,5,0,51,30,,Regular Season,,,,,7,0,,,,2026-04-10 19:00:00
22501170,2026-04-09 22:00:00,Golden State,Warriors,1610612744,Los Angeles,Lakers,1610612747,1,0,103,119,24,2,8,81,41,0.506,30,9,0.3,12,12,1.0,23,15,38,6,19,-16,240.0,23,26,24,30,53,4,9,2,8,22,54,18,3,0,37,43,,Regular Season,,,,,2,0,,,,2026-04-09 22:00:00
22501170,2026-04-09 22:00:00,Los Angeles,Lakers,1610612747,Golden State,Warriors,1610612744,0,1,119,103,37,3,14,80,49,0.613,29,16,0.552,8,5,0.625,25,8,33,13,17,16,240.0,28,25,29,37,30,27,8,2,18,28,48,10,3,1,51,29,,Regular Season,,,,,3,2,,,,2026-04-09 22:00:00
22501169,2026-04-09 20:00:00,Philadelphia,76ers,1610612755,Houston,Rockets,1610612745,0,0,102,113,21,6,10,85,38,0.447,32,11,0.344,23,15,0.652,36,11,47,24,16,-11,240.0,26,30,17,29,33,2,16,7,12,13,48,24,5,0,43,37,,Regular Season,,,,,6,0,,,,2026-04-09 20:00:00
22501169,2026-04-09 20:00:00,Houston,Rockets,1610612745,Philadelphia,76ers,1610612755,1,1,113,102,21,1,12,93,42,0.452,32,11,0.344,26,18,0.692,37,16,53,18,15,11,240.0,35,38,23,17,29,28,9,7,14,22,52,18,5,1,51,29,,Regular Season,,,,,8,0,,,,2026-04-09 20:00:00
22501167,2026-04-09 19:30:00,Brooklyn,Nets,1610612751,Indiana,Pacers,1610612754,1,0,94,123,20,5,2,96,37,0.385,38,8,0.211,19,12,0.632,36,7,43,21,10,-29,240.0,14,23,35,22,13,4,9,4,6,9,56,7,1,1,20,60,,Regular Season,,,,,8,0,,,,2026-04-09 19:30:00
22501167,2026-04-09 19:30:00,Indiana,Pacers,1610612754,Brooklyn,Nets,1610612751,0,1,123,94,43,5,4,98,51,0.52,31,8,0.258,18,13,0.722,53,13,66,16,11,29,240.0,31,32,35,25,52,32,12,4,36,12,80,11,1,1,19,61,,Regular Season,,,,,2,1,,,,2026-04-09 19:30:00
22501168,2026-04-09 19:30:00,Boston,Celtics,1610612738,New York,Knicks,1610612752,0,0,106,112,23,1,4,84,38,0.452,43,16,0.372,16,14,0.875,29,13,42,16,10,-6,240.0,29,24,30,23,53,7,10,16,12,8,32,18,13,0,54,26,,Regular Season,,,,,6,1,,,,2026-04-09 19:30:00
22501168,2026-04-09 19:30:00,New York,Knicks,1610612752,Boston,Celtics,1610612738,1,1,112,106,29,2,9,80,43,0.538,35,15,0.429,15,11,0.733,25,5,30,17,7,6,240.0,26,28,27,31,22,13,10,16,9,14,46,6,13,1,52,28,,Regular Season,,,,,12,0,,,,2026-04-09 19:30:00
22501165,2026-04-09 19:00:00,Miami,Heat,1610612748,Toronto,Raptors,1610612761,0,0,114,128,35,3,1,82,46,0.561,35,14,0.4,14,8,0.571,28,6,34,25,13,-14,240.0,26,24,40,24,45,8,10,1,12,9,58,14,1,0,41,39,,Regular Season,,,,,7,2,,,,2026-04-09 19:00:00
22501165,2026-04-09 19:00:00,Toronto,Raptors,1610612761,Miami,Heat,1610612748,1,1,128,114,24,2,9,86,44,0.512,30,13,0.433,34,27,0.794,30,10,40,15,4,14,240.0,32,37,33,26,38,26,11,1,12,24,48,22,1,1,45,35,,Regular Season,,,,,11,2,,,,2026-04-09 19:00:00
22501166,2026-04-09 19:00:00,Washington,Wizards,1610612764,Chicago,Bulls,1610612741,1,0,108,119,24,8,12,96,38,0.396,38,10,0.263,27,22,0.815,32,20,52,18,17,-11,240.0,24,27,23,34,29,3,10,6,18,19,50,16,4,1,17,63,,Regular Season,,,,,8,2,,,,2026-04-09 19:00:00
22501166,2026-04-09 19:00:00,Chicago,Bulls,1610612741,Washington,Wizards,1610612764,0,1,119,108,26,4,12,93,43,0.462,30,9,0.3,25,24,0.96,38,13,51,21,15,11,240.0,32,20,35,32,15,19,10,6,26,25,68,14,4,1,31,49,,Regular Season,,,,,4,1,,,,2026-04-09 19:00:00
22501163,2026-04-08 22:00:00,LA,Clippers,1610612746,Oklahoma City,Thunder,1610612760,1,0,110,128,27,3,9,86,40,0.465,32,14,0.438,24,16,0.667,26,10,36,18,13,-18,240.0,23,26,31,30,48,2,7,1,9,17,50,9,0,1,41,39,,Regular Season,,,,,8,0,,,,2026-04-08 22:00:00
22501163,2026-04-08 22:00:00,Oklahoma City,Thunder,1610612760,LA,Clippers,1610612746,0,1,128,110,30,7,9,83,48,0.578,34,13,0.382,24,19,0.792,38,6,44,23,13,18,240.0,34,35,25,34,44,25,12,1,19,23,52,13,0,1,64,16,,Regular Season,,,,,7,0,,,,2026-04-08 22:00:00
22501164,2026-04-08 22:00:00,Phoenix,Suns,1610612756,Dallas,Mavericks,1610612742,1,1,112,107,20,8,5,91,42,0.462,35,14,0.4,17,14,0.824,34,12,46,16,10,5,240.0,33,28,27,24,34,18,13,16,7,16,40,13,9,1,44,36,,Regular Season,,,,,6,0,,,,2026-04-08 22:00:00
22501164,2026-04-08 22:00:00,Dallas,Mavericks,1610612742,Phoenix,Suns,1610612756,0,0,107,112,27,5,4,89,37,0.416,36,13,0.361,22,20,0.909,33,10,43,14,8,-5,240.0,29,24,27,27,45,3,16,16,7,6,38,15,9,0,25,55,,Regular Season,,,,,11,4,,,,2026-04-08 22:00:00
22501161,2026-04-08 21:30:00,San Antonio,Spurs,1610612759,Portland,Trail Blazers,1610612757,1,1,112,101,28,6,13,88,43,0.489,29,11,0.379,19,15,0.789,34,11,45,14,15,11,240.0,32,29,27,24,48,17,10,3,22,26,54,8,2,0,61,19,,Regular Season,,,,,8,2,,,,2026-04-08 21:30:00
22501161,2026-04-08 21:30:00,Portland,Trail Blazers,1610612757,San Antonio,Spurs,1610612759,0,0,101,112,26,5,9,93,42,0.452,37,12,0.324,10,5,0.5,32,11,43,15,16,-11,240.0,23,28,22,28,10,6,7,3,20,19,58,9,2,0,40,40,,Regular Season,,,,,10,0,,,,2026-04-08 21:30:00
22501162,2026-04-08 21:00:00,Denver,Nuggets,1610612743,Memphis,Grizzlies,1610612763,1,1,136,119,31,5,6,90,53,0.589,36,14,0.389,21,16,0.762,43,9,52,20,12,17,240.0,37,31,39,29,58,21,10,10,19,11,66,17,6,1,52,28,,Regular Season,,,,,8,0,,,,2026-04-08 21:00:00
22501162,2026-04-08 21:00:00,Memphis,Grizzlies,1610612763,Denver,Nuggets,1610612743,0,0,119,136,24,1,5,92,42,0.457,50,19,0.38,23,16,0.696,28,10,38,20,6,-17,240.0,33,39,22,25,37,8,10,10,7,15,44,10,6,1,25,55,,Regular Season,,,,,3,0,,,,2026-04-08 21:00:00
22501158,2026-04-08 19:00:00,Atlanta,Hawks,1610612737,Cleveland,Cavaliers,1610612739,0,0,116,122,23,6,8,98,47,0.48,34,12,0.353,15,10,0.667,33,10,43,25,11,-6,240.0,29,38,20,29,37,11,10,10,11,13,50,7,6,1,45,35,,Regular Season,,,,,13,2,,,,2026-04-08 19:00:00
22501158,2026-04-08 19:00:00,Cleveland,Cavaliers,1610612739,Atlanta,Hawks,1610612737,1,1,122,116,22,6,6,88,41,0.466,33,12,0.364,35,28,0.8,37,10,47,14,11,6,240.0,33,27,44,18,24,18,9,10,11,25,52,13,6,0,51,29,,Regular Season,,,,,7,0,,,,2026-04-08 19:00:00
22501159,2026-04-08 19:00:00,Minnesota,Timberwolves,1610612750,Orlando,Magic,1610612753,0,0,120,132,22,7,10,90,45,0.5,44,18,0.409,14,12,0.857,24,9,33,20,16,-12,240.0,32,21,30,37,60,6,8,7,16,19,50,14,7,1,47,33,,Regular Season,,,,,8,0,,,,2026-04-08 19:00:00
22501159,2026-04-08 19:00:00,Orlando,Magic,1610612753,Minnesota,Timberwolves,1610612750,1,1,132,120,33,5,5,95,51,0.537,29,12,0.414,23,18,0.783,29,19,48,18,16,12,240.0,34,29,38,31,62,24,14,7,8,26,64,28,7,1,44,36,,Regular Season,,,,,8,1,,,,2026-04-08 19:00:00
22501160,2026-04-08 19:00:00,Milwaukee,Bucks,1610612749,Detroit,Pistons,1610612765,0,0,111,137,26,4,5,86,36,0.419,50,17,0.34,28,22,0.786,19,13,32,24,13,-26,240.0,28,29,29,25,32,5,9,3,2,11,34,24,2,0,31,49,,Regular Season,,,,,13,3,,,,2026-04-08 19:00:00
22501160,2026-04-08 19:00:00,Detroit,Pistons,1610612765,Milwaukee,Bucks,1610612749,1,1,137,111,38,10,9,84,48,0.571,30,14,0.467,30,27,0.9,31,15,46,21,12,26,240.0,34,41,37,25,63,31,12,3,32,23,66,16,2,1,58,22,,Regular Season,,,,,4,0,,,,2026-04-08 19:00:00
22501157,2026-04-07 23:00:00,Phoenix,Suns,1610612756,Houston,Rockets,1610612745,1,0,105,119,15,7,10,75,32,0.427,31,7,0.226,39,34,0.872,24,10,34,20,18,-14,240.0,37,20,27,21,19,21,24,6,14,24,44,17,5,0,43,36,,Regular Season,,,,,7,1,,,,2026-04-07 23:00:00
22501157,2026-04-07 23:00:00,Houston,Rockets,1610612745,Phoenix,Suns,1610612756,0,1,119,105,26,3,8,100,45,0.45,38,14,0.368,16,15,0.938,31,24,55,30,17,14,240.0,21,33,27,38,29,15,10,6,11,25,56,37,5,1,50,29,,Regular Season,,,,,9,2,,,,2026-04-07 23:00:00
22501155,2026-04-07 22:30:00,Los Angeles,Lakers,1610612747,Oklahoma City,Thunder,1610612760,1,0,87,123,26,3,7,73,32,0.438,26,9,0.346,31,14,0.452,30,8,38,12,17,-36,240.0,27,20,15,25,46,0,6,0,15,20,34,6,2,1,50,29,,Regular Season,,,,,15,0,,,,2026-04-07 22:30:00
22501155,2026-04-07 22:30:00,Oklahoma City,Thunder,1610612760,Los Angeles,Lakers,1610612747,0,1,123,87,29,2,15,89,45,0.506,41,21,0.512,14,12,0.857,36,10,46,21,12,36,240.0,34,31,28,30,66,41,14,0,13,16,40,10,2,1,63,16,,Regular Season,,,,,6,0,,,,2026-04-07 22:30:00
22501156,2026-04-07 22:30:00,Dallas,Mavericks,1610612742,LA,Clippers,1610612746,0,0,103,116,18,7,9,100,35,0.35,33,6,0.182,28,27,0.964,39,15,54,20,8,-13,240.0,26,29,29,19,54,3,8,2,23,17,44,19,3,1,25,54,,Regular Season,,,,,8,1,,,,2026-04-07 22:30:00
22501156,2026-04-07 22:30:00,LA,Clippers,1610612746,Dallas,Mavericks,1610612742,1,1,116,103,23,9,6,92,41,0.446,37,14,0.378,28,20,0.714,44,12,56,18,14,13,240.0,39,26,24,27,38,23,17,2,27,8,52,11,3,0,41,38,,Regular Season,,,,,7,1,,,,2026-04-07 22:30:00
22501154,2026-04-07 22:00:00,Golden State,Warriors,1610612744,Sacramento,Kings,1610612758,1,1,110,105,27,5,10,82,37,0.451,38,17,0.447,24,19,0.792,26,13,39,15,17,5,240.0,25,41,19,25,52,16,12,18,6,19,36,22,10,1,37,42,,Regular Season,,,,,13,0,,,,2026-04-07 22:00:00
22501154,2026-04-07 22:00:00,Sacramento,Kings,1610612758,Golden State,Warriors,1610612744,0,0,105,110,22,6,9,87,41,0.471,31,11,0.355,17,12,0.706,28,13,41,21,14,-5,240.0,26,27,28,24,46,3,13,18,10,22,56,15,10,1,21,59,,Regular Season,,,,,8,1,,,,2026-04-07 22:00:00
22501149,2026-04-07 20:00:00,Boston,Celtics,1610612738,Charlotte,Hornets,1610612766,1,1,113,102,22,2,6,87,43,0.494,42,17,0.405,12,10,0.833,32,13,45,13,12,11,240.0,20,35,35,23,26,13,10,10,16,22,44,23,2,1,54,25,,Regular Season,,,,,8,2,,,,2026-04-07 20:00:00
22501149,2026-04-07 20:00:00,Charlotte,Hornets,1610612766,Boston,Celtics,1610612738,0,0,102,113,24,3,5,88,38,0.432,49,16,0.327,13,10,0.769,26,14,40,16,12,-11,240.0,31,30,26,15,18,11,9,10,13,22,32,15,2,1,43,37,,Regular Season,,,,,6,1,,,,2026-04-07 20:00:00
22501153,2026-04-07 20:00:00,New Orleans,Pelicans,1610612740,Utah,Jazz,1610612762,1,1,156,137,32,5,15,106,61,0.575,34,14,0.412,23,20,0.87,38,10,48,18,16,19,240.0,24,37,50,45,38,29,11,6,44,28,90,10,6,1,26,54,,Regular Season,,,,,4,1,,,,2026-04-07 20:00:00
22501153,2026-04-07 20:00:00,Utah,Jazz,1610612762,New Orleans,Pelicans,1610612740,0,0,137,156,38,1,12,104,53,0.51,32,10,0.313,24,21,0.875,31,10,41,18,16,-19,240.0,34,35,27,41,53,11,9,6,22,23,78,12,6,1,21,59,,Regular Season,,,,,10,0,,,,2026-04-07 20:00:00
22501150,2026-04-07 19:30:00,Brooklyn,Nets,1610612751,Milwaukee,Bucks,1610612749,1,1,96,90,18,4,11,75,33,0.44,26,9,0.346,23,21,0.913,29,3,32,13,10,6,240.0,30,19,21,26,26,16,15,3,8,11,46,2,2,1,20,59,,Regular Season,,,,,10,4,,,,2026-04-07 19:30:00
22501150,2026-04-07 19:30:00,Milwaukee,Bucks,1610612749,Brooklyn,Nets,1610612751,0,0,90,96,25,7,6,81,35,0.432,45,15,0.333,8,5,0.625,35,9,44,20,19,-6,240.0,29,14,19,28,24,9,10,3,7,10,38,10,2,0,31,48,,Regular Season,,,,,8,1,,,,2026-04-07 19:30:00
22501151,2026-04-07 19:30:00,Toronto,Raptors,1610612761,Miami,Heat,1610612748,1,1,121,95,34,5,9,99,49,0.495,28,12,0.429,16,11,0.688,41,15,56,19,12,26,240.0,32,32,30,27,37,27,9,4,18,18,70,23,9,0,44,35,,Regular Season,,,,,6,0,,,,2026-04-07 19:30:00
22501151,2026-04-07 19:30:00,Miami,Heat,1610612748,Toronto,Raptors,1610612761,0,0,95,121,26,3,3,91,33,0.363,44,12,0.273,19,17,0.895,34,10,44,15,15,-26,240.0,27,24,25,19,34,2,7,4,15,10,34,6,9,0,41,38,,Regular Season,,,,,9,0,,,,2026-04-07 19:30:00
22501148,2026-04-07 19:00:00,Washington,Wizards,1610612764,Chicago,Bulls,1610612741,1,0,98,129,22,7,8,86,37,0.43,38,11,0.289,21,13,0.619,38,8,46,19,21,-31,240.0,18,19,26,35,37,4,5,1,14,5,44,7,1,0,17,62,,Regular Season,,,,,10,1,,,,2026-04-07 19:00:00
22501148,2026-04-07 19:00:00,Chicago,Bulls,1610612741,Washington,Wizards,1610612764,0,1,129,98,35,7,14,94,46,0.489,45,15,0.333,27,22,0.815,43,9,52,22,13,31,240.0,38,28,34,29,61,37,9,1,31,22,56,15,1,1,30,49,,Regular Season,,,,,5,0,,,,2026-04-07 19:00:00
22501152,2026-04-07 19:00:00,Indiana,Pacers,1610612754,Minnesota,Timberwolves,1610612750,1,0,104,124,24,1,11,73,35,0.479,26,9,0.346,31,25,0.806,29,5,34,16,22,-20,240.0,27,26,24,27,53,4,10,1,21,20,50,6,1,1,18,61,,Regular Season,,,,,8,1,,,,2026-04-07 19:00:00
22501152,2026-04-07 19:00:00,Minnesota,Timberwolves,1610612750,Indiana,Pacers,1610612754,0,1,124,104,27,4,16,89,46,0.517,41,17,0.415,16,15,0.938,29,10,39,22,18,20,240.0,35,28,39,22,57,31,9,1,13,34,54,12,1,0,47,32,,Regular Season,,,,,8,2,,,,2026-04-07 19:00:00
22501147,2026-04-06 21:00:00,Portland,Trail Blazers,1610612757,Denver,Nuggets,1610612743,0,0,132,137,29,5,8,89,42,0.472,52,25,0.481,28,23,0.821,28,11,39,24,15,-5,265.0,35,37,29,24,21,18,10,3,18,16,32,15,4,1,40,39,,Regular Season,,,,,11,3,7,,7,2026-04-06 21:00:00
22501147,2026-04-06 21:00:00,Denver,Nuggets,1610612743,Portland,Trail Blazers,1610612757,1,1,137,132,37,5,10,101,52,0.515,38,12,0.316,24,21,0.875,28,17,45,26,12,5,265.0,31,27,29,38,34,7,11,3,13,20,66,30,4,1,51,28,,Regular Season,,,,,10,0,12,,12,2026-04-06 21:00:00
22501145,2026-04-06 20:00:00,Memphis,Grizzlies,1610612763,Cleveland,Cavaliers,1610612739,1,0,126,142,32,4,7,94,45,0.479,59,29,0.492,10,7,0.7,23,8,31,27,13,-16,240.0,36,28,26,36,53,17,10,6,10,17,30,15,1,0,25,54,,Regular Season,,,,,5,0,,,,2026-04-06 20:00:00
22501145,2026-04-06 20:00:00,Cleveland,Cavaliers,1610612739,Memphis,Grizzlies,1610612763,0,1,142,126,36,5,12,89,52,0.584,32,12,0.375,37,26,0.703,35,13,48,11,12,16,240.0,24,44,33,41,43,17,8,6,11,14,76,21,1,1,50,29,,Regular Season,,,,,16,1,,,,2026-04-06 20:00:00
22501146,2026-04-06 20:00:00,Philadelphia,76ers,1610612755,San Antonio,Spurs,1610612759,0,0,102,115,17,5,7,88,34,0.386,31,10,0.323,29,24,0.828,31,17,48,21,11,-13,240.0,28,27,30,17,18,4,8,15,11,12,38,18,10,1,43,36,,Regular Season,,,,,5,1,,,,2026-04-06 20:00:00
22501146,2026-04-06 20:00:00,San Antonio,Spurs,1610612759,Philadelphia,76ers,1610612755,1,1,115,102,31,5,8,89,44,0.494,32,11,0.344,22,16,0.727,38,9,47,23,9,13,240.0,29,33,30,23,50,14,10,15,22,20,58,7,10,1,60,19,,Regular Season,,,,,10,2,,,,2026-04-06 20:00:00
22501143,2026-04-06 19:00:00,Atlanta,Hawks,1610612737,New York,Knicks,1610612752,1,0,105,108,23,4,7,95,38,0.4,42,16,0.381,17,13,0.765,29,19,48,18,14,-3,240.0,31,26,22,26,8,10,12,11,9,15,34,13,8,0,45,34,,Regular Season,,,,,10,1,,,,2026-04-06 19:00:00
22501143,2026-04-06 19:00:00,New York,Knicks,1610612752,Atlanta,Hawks,1610612737,0,1,108,105,29,7,9,84,42,0.5,33,11,0.333,17,13,0.765,35,12,47,14,15,3,240.0,32,21,28,27,18,7,11,11,12,21,52,11,8,0,51,28,,Regular Season,,,,,4,2,,,,2026-04-06 19:00:00
22501144,2026-04-06 19:00:00,Detroit,Pistons,1610612765,Orlando,Magic,1610612753,0,0,107,123,32,7,10,85,42,0.494,30,10,0.333,19,13,0.684,27,8,35,24,19,-16,240.0,28,27,21,31,37,1,14,2,16,14,58,15,1,0,57,22,,Regular Season,,,,,11,2,,,,2026-04-06 19:00:00
22501144,2026-04-06 19:00:00,Orlando,Magic,1610612753,Detroit,Pistons,1610612765,1,1,123,107,28,9,16,81,41,0.506,26,11,0.423,40,30,0.75,29,6,35,19,14,16,240.0,30,39,29,25,31,26,12,2,23,33,52,8,1,0,43,36,,Regular Season,,,,,20,1,,,,2026-04-06 19:00:00
